X train: (2364, 284), X test: (592, 284)

Seed: 622

Baseline model: XGBClassifier with n_estimators=100
Tree limit: 15

Accuracy: 0.956081081081081

              precision    recall  f1-score   support

           1       0.78      0.70      0.74        10
           3       1.00      1.00      1.00         6
           5       0.67      1.00      0.80         2
           6       1.00      1.00      1.00         3
           7       1.00      1.00      1.00         5
           8       1.00      1.00      1.00         2
           9       1.00      1.00      1.00        11
          10       0.93      0.93      0.93        15
          11       1.00      1.00      1.00         3
          13       1.00      0.96      0.98        23
          14       1.00      1.00      1.00         7
          16       1.00      1.00      1.00         5
          20       1.00      0.67      0.80         3
          21       1.00      1.00      1.00         3
          22       1.00      1.00      1.00        11
          23       1.00      0.67      0.80         3
          24       1.00      0.90      0.95        10
          25       1.00      0.90      0.95        10
          27       1.00      1.00      1.00         4
          30       0.67      1.00      0.80         2
          32       1.00      1.00      1.00         5
          33       1.00      1.00      1.00         7
          34       1.00      0.90      0.95        10
          35       0.93      1.00      0.96        13
          37       1.00      0.88      0.93         8
          39       0.97      0.95      0.96        75
          41       1.00      1.00      1.00         3
          42       1.00      1.00      1.00         5
          45       1.00      1.00      1.00         5
          48       1.00      1.00      1.00        17
          49       0.84      0.94      0.89        17
          52       1.00      1.00      1.00        12
          53       1.00      1.00      1.00        20
          55       1.00      1.00      1.00         3
          56       0.93      1.00      0.96        13
          57       1.00      1.00      1.00         9
          58       1.00      1.00      1.00         6
          60       0.75      1.00      0.86         3
          62       0.80      0.67      0.73         6
          63       1.00      0.50      0.67         2
          68       0.88      0.94      0.91        48
          69       1.00      0.88      0.93         8
          70       0.92      1.00      0.96        12
          71       0.33      0.50      0.40         2
          74       1.00      1.00      1.00         3
          76       1.00      1.00      1.00         3
          77       1.00      1.00      1.00         6
          78       1.00      1.00      1.00         3
          80       1.00      1.00      1.00         6
          81       0.88      1.00      0.93         7
          82       1.00      1.00      1.00        41
          83       1.00      0.95      0.97        20
          84       1.00      0.67      0.80         3
          85       1.00      1.00      1.00         5
          86       0.97      1.00      0.99        38
          87       1.00      1.00      1.00         2
          88       0.80      1.00      0.89         4
          89       1.00      1.00      1.00         2
          90       1.00      1.00      1.00         2

    accuracy                           0.96       592
   macro avg       0.95      0.94      0.94       592
weighted avg       0.96      0.96      0.96       592
