X train: (2364, 284), X test: (592, 284)

Seed: 226

Baseline model: XGBClassifier with n_estimators=100
Tree limit: 16

Accuracy: 0.9442567567567568

              precision    recall  f1-score   support

           1       1.00      1.00      1.00        10
           3       1.00      1.00      1.00         6
           5       1.00      1.00      1.00         2
           6       1.00      1.00      1.00         3
           7       1.00      1.00      1.00         5
           8       0.33      0.50      0.40         2
           9       1.00      1.00      1.00        11
          10       0.88      1.00      0.94        15
          11       1.00      0.67      0.80         3
          13       0.95      0.91      0.93        23
          14       1.00      0.86      0.92         7
          16       1.00      1.00      1.00         5
          20       1.00      1.00      1.00         3
          21       1.00      1.00      1.00         3
          22       1.00      0.91      0.95        11
          23       1.00      1.00      1.00         3
          24       1.00      1.00      1.00        10
          25       1.00      1.00      1.00        10
          27       1.00      1.00      1.00         4
          30       0.33      0.50      0.40         2
          32       1.00      1.00      1.00         5
          33       1.00      1.00      1.00         7
          34       1.00      0.90      0.95        10
          35       0.93      1.00      0.96        13
          37       0.83      0.62      0.71         8
          39       0.97      0.91      0.94        75
          41       0.75      1.00      0.86         3
          42       0.83      1.00      0.91         5
          45       0.71      1.00      0.83         5
          48       1.00      1.00      1.00        17
          49       0.81      1.00      0.89        17
          52       1.00      1.00      1.00        12
          53       1.00      1.00      1.00        20
          55       1.00      1.00      1.00         3
          56       1.00      0.92      0.96        13
          57       1.00      1.00      1.00         9
          58       1.00      1.00      1.00         6
          60       0.60      1.00      0.75         3
          62       1.00      0.83      0.91         6
          63       0.00      0.00      0.00         2
          68       0.90      0.92      0.91        48
          69       0.80      1.00      0.89         8
          70       1.00      0.75      0.86        12
          71       0.67      1.00      0.80         2
          74       1.00      0.33      0.50         3
          76       1.00      1.00      1.00         3
          77       1.00      0.83      0.91         6
          78       0.75      1.00      0.86         3
          80       1.00      1.00      1.00         6
          81       1.00      1.00      1.00         7
          82       1.00      1.00      1.00        41
          83       1.00      1.00      1.00        20
          84       0.75      1.00      0.86         3
          85       1.00      0.80      0.89         5
          86       0.97      1.00      0.99        38
          87       1.00      1.00      1.00         2
          88       0.80      1.00      0.89         4
          89       1.00      1.00      1.00         2
          90       1.00      1.00      1.00         2

    accuracy                           0.94       592
   macro avg       0.91      0.92      0.90       592
weighted avg       0.95      0.94      0.94       592
