X train: (2364, 284), X test: (592, 284)

Seed: 872

Baseline model: XGBClassifier with n_estimators=100
Tree limit: 13

Accuracy: 0.9628378378378378

              precision    recall  f1-score   support

           1       0.83      1.00      0.91        10
           3       1.00      0.83      0.91         6
           5       1.00      1.00      1.00         2
           6       1.00      1.00      1.00         3
           7       0.83      1.00      0.91         5
           8       1.00      1.00      1.00         2
           9       1.00      1.00      1.00        11
          10       0.94      1.00      0.97        15
          11       0.75      1.00      0.86         3
          13       0.96      1.00      0.98        23
          14       1.00      1.00      1.00         7
          16       1.00      0.80      0.89         5
          20       0.75      1.00      0.86         3
          21       1.00      1.00      1.00         3
          22       1.00      1.00      1.00        11
          23       1.00      0.33      0.50         3
          24       1.00      1.00      1.00        10
          25       1.00      0.80      0.89        10
          27       1.00      1.00      1.00         4
          30       0.67      1.00      0.80         2
          32       1.00      0.80      0.89         5
          33       0.86      0.86      0.86         7
          34       0.91      1.00      0.95        10
          35       1.00      0.92      0.96        13
          37       1.00      0.88      0.93         8
          39       0.97      0.96      0.97        75
          41       1.00      1.00      1.00         3
          42       0.83      1.00      0.91         5
          45       0.71      1.00      0.83         5
          48       1.00      1.00      1.00        17
          49       0.94      1.00      0.97        17
          52       1.00      1.00      1.00        12
          53       1.00      1.00      1.00        20
          55       1.00      1.00      1.00         3
          56       1.00      1.00      1.00        13
          57       1.00      1.00      1.00         9
          58       1.00      0.83      0.91         6
          60       1.00      0.67      0.80         3
          62       1.00      0.67      0.80         6
          63       1.00      1.00      1.00         2
          68       0.90      0.90      0.90        48
          69       1.00      1.00      1.00         8
          70       1.00      1.00      1.00        12
          71       0.67      1.00      0.80         2
          74       1.00      1.00      1.00         3
          76       1.00      1.00      1.00         3
          77       1.00      1.00      1.00         6
          78       1.00      1.00      1.00         3
          80       1.00      1.00      1.00         6
          81       1.00      1.00      1.00         7
          82       1.00      1.00      1.00        41
          83       1.00      1.00      1.00        20
          84       1.00      1.00      1.00         3
          85       1.00      1.00      1.00         5
          86       1.00      1.00      1.00        38
          87       1.00      1.00      1.00         2
          88       1.00      1.00      1.00         4
          89       1.00      1.00      1.00         2
          90       1.00      1.00      1.00         2

    accuracy                           0.96       592
   macro avg       0.96      0.95      0.95       592
weighted avg       0.97      0.96      0.96       592
