X train: (2364, 284), X test: (592, 284)

Seed: 177

Baseline model: XGBClassifier with n_estimators=100
Tree limit: 14

Accuracy: 0.9493243243243243

              precision    recall  f1-score   support

           1       1.00      1.00      1.00        10
           3       1.00      1.00      1.00         6
           5       0.67      1.00      0.80         2
           6       1.00      1.00      1.00         3
           7       1.00      0.80      0.89         5
           8       1.00      1.00      1.00         2
           9       1.00      1.00      1.00        11
          10       0.93      0.93      0.93        15
          11       0.60      1.00      0.75         3
          13       1.00      1.00      1.00        23
          14       1.00      1.00      1.00         7
          16       1.00      1.00      1.00         5
          20       0.60      1.00      0.75         3
          21       1.00      1.00      1.00         3
          22       1.00      1.00      1.00        11
          23       0.75      1.00      0.86         3
          24       1.00      1.00      1.00        10
          25       0.91      1.00      0.95        10
          27       1.00      1.00      1.00         4
          30       1.00      1.00      1.00         2
          32       1.00      0.80      0.89         5
          33       1.00      1.00      1.00         7
          34       1.00      1.00      1.00        10
          35       1.00      1.00      1.00        13
          37       0.89      1.00      0.94         8
          39       1.00      0.89      0.94        75
          41       0.75      1.00      0.86         3
          42       0.83      1.00      0.91         5
          45       0.83      1.00      0.91         5
          48       1.00      1.00      1.00        17
          49       0.89      1.00      0.94        17
          52       0.92      0.92      0.92        12
          53       0.95      1.00      0.98        20
          55       1.00      1.00      1.00         3
          56       1.00      1.00      1.00        13
          57       1.00      1.00      1.00         9
          58       1.00      1.00      1.00         6
          60       1.00      0.67      0.80         3
          62       0.75      0.50      0.60         6
          63       1.00      1.00      1.00         2
          68       0.97      0.81      0.89        48
          69       0.80      1.00      0.89         8
          70       1.00      1.00      1.00        12
          71       0.25      0.50      0.33         2
          74       0.75      1.00      0.86         3
          76       1.00      1.00      1.00         3
          77       1.00      1.00      1.00         6
          78       0.75      1.00      0.86         3
          80       1.00      1.00      1.00         6
          81       0.78      1.00      0.88         7
          82       1.00      0.98      0.99        41
          83       1.00      0.95      0.97        20
          84       0.67      0.67      0.67         3
          85       1.00      0.80      0.89         5
          86       1.00      1.00      1.00        38
          87       1.00      1.00      1.00         2
          88       0.67      1.00      0.80         4
          89       1.00      1.00      1.00         2
          90       1.00      1.00      1.00         2

    accuracy                           0.95       592
   macro avg       0.91      0.95      0.93       592
weighted avg       0.96      0.95      0.95       592
