X train: (2364, 284), X test: (592, 284)

Seed: 415

Baseline model: XGBClassifier with n_estimators=100
Tree limit: 29

Accuracy: 0.9375

              precision    recall  f1-score   support

           1       1.00      1.00      1.00        10
           3       1.00      0.83      0.91         6
           5       1.00      1.00      1.00         2
           6       1.00      1.00      1.00         3
           7       1.00      1.00      1.00         5
           8       0.50      0.50      0.50         2
           9       1.00      1.00      1.00        11
          10       0.88      0.93      0.90        15
          11       1.00      1.00      1.00         3
          13       1.00      1.00      1.00        23
          14       1.00      0.71      0.83         7
          16       0.80      0.80      0.80         5
          20       1.00      0.67      0.80         3
          21       1.00      1.00      1.00         3
          22       1.00      1.00      1.00        11
          23       1.00      1.00      1.00         3
          24       1.00      0.80      0.89        10
          25       1.00      1.00      1.00        10
          27       1.00      0.75      0.86         4
          30       0.67      1.00      0.80         2
          32       0.80      0.80      0.80         5
          33       0.88      1.00      0.93         7
          34       1.00      0.90      0.95        10
          35       1.00      1.00      1.00        13
          37       0.88      0.88      0.88         8
          39       0.93      0.93      0.93        75
          41       0.60      1.00      0.75         3
          42       1.00      0.40      0.57         5
          45       1.00      0.60      0.75         5
          48       1.00      1.00      1.00        17
          49       0.85      1.00      0.92        17
          52       1.00      1.00      1.00        12
          53       1.00      0.95      0.97        20
          55       1.00      1.00      1.00         3
          56       0.81      1.00      0.90        13
          57       1.00      0.89      0.94         9
          58       1.00      1.00      1.00         6
          60       0.50      0.33      0.40         3
          62       1.00      1.00      1.00         6
          63       0.50      1.00      0.67         2
          68       0.86      0.90      0.88        48
          69       0.88      0.88      0.88         8
          70       0.85      0.92      0.88        12
          71       1.00      1.00      1.00         2
          74       1.00      1.00      1.00         3
          76       1.00      1.00      1.00         3
          77       1.00      1.00      1.00         6
          78       0.67      0.67      0.67         3
          80       1.00      1.00      1.00         6
          81       1.00      0.86      0.92         7
          82       0.98      1.00      0.99        41
          83       1.00      1.00      1.00        20
          84       1.00      1.00      1.00         3
          85       1.00      1.00      1.00         5
          86       1.00      1.00      1.00        38
          87       1.00      1.00      1.00         2
          88       0.80      1.00      0.89         4
          89       1.00      0.50      0.67         2
          90       1.00      1.00      1.00         2

    accuracy                           0.94       592
   macro avg       0.93      0.90      0.91       592
weighted avg       0.94      0.94      0.94       592
