X train: (2364, 284), X test: (592, 284)

Seed: 949

Baseline model: XGBClassifier with n_estimators=100
Tree limit: 15

Accuracy: 0.9476351351351351

              precision    recall  f1-score   support

           1       0.91      1.00      0.95        10
           3       1.00      1.00      1.00         6
           5       1.00      1.00      1.00         2
           6       1.00      1.00      1.00         3
           7       1.00      0.80      0.89         5
           8       1.00      0.50      0.67         2
           9       1.00      0.91      0.95        11
          10       0.94      1.00      0.97        15
          11       1.00      1.00      1.00         3
          13       0.95      0.87      0.91        23
          14       1.00      1.00      1.00         7
          16       1.00      1.00      1.00         5
          20       0.50      0.67      0.57         3
          21       1.00      0.67      0.80         3
          22       0.83      0.91      0.87        11
          23       0.75      1.00      0.86         3
          24       0.91      1.00      0.95        10
          25       0.90      0.90      0.90        10
          27       1.00      0.25      0.40         4
          30       1.00      1.00      1.00         2
          32       1.00      1.00      1.00         5
          33       0.75      0.86      0.80         7
          34       1.00      1.00      1.00        10
          35       1.00      1.00      1.00        13
          37       0.70      0.88      0.78         8
          39       0.97      0.96      0.97        75
          41       1.00      1.00      1.00         3
          42       0.80      0.80      0.80         5
          45       0.83      1.00      0.91         5
          48       1.00      1.00      1.00        17
          49       1.00      0.94      0.97        17
          52       1.00      0.92      0.96        12
          53       1.00      1.00      1.00        20
          55       1.00      1.00      1.00         3
          56       1.00      1.00      1.00        13
          57       1.00      1.00      1.00         9
          58       1.00      1.00      1.00         6
          60       1.00      1.00      1.00         3
          62       1.00      1.00      1.00         6
          63       1.00      0.50      0.67         2
          68       0.90      0.92      0.91        48
          69       0.89      1.00      0.94         8
          70       1.00      0.92      0.96        12
          71       1.00      1.00      1.00         2
          74       1.00      1.00      1.00         3
          76       0.67      0.67      0.67         3
          77       1.00      1.00      1.00         6
          78       1.00      1.00      1.00         3
          80       1.00      1.00      1.00         6
          81       0.88      1.00      0.93         7
          82       1.00      1.00      1.00        41
          83       1.00      1.00      1.00        20
          84       1.00      1.00      1.00         3
          85       1.00      0.80      0.89         5
          86       0.97      1.00      0.99        38
          87       1.00      1.00      1.00         2
          88       1.00      1.00      1.00         4
          89       0.00      0.00      0.00         2
          90       0.50      1.00      0.67         2

    accuracy                           0.95       592
   macro avg       0.92      0.91      0.91       592
weighted avg       0.95      0.95      0.95       592
