X train: (2364, 284), X test: (592, 284)

Seed: 861

Baseline model: XGBClassifier with n_estimators=100
Tree limit: 16

Accuracy: 0.9375

              precision    recall  f1-score   support

           1       0.91      1.00      0.95        10
           3       1.00      0.83      0.91         6
           5       0.50      1.00      0.67         2
           6       1.00      0.67      0.80         3
           7       1.00      1.00      1.00         5
           8       1.00      0.50      0.67         2
           9       1.00      1.00      1.00        11
          10       0.92      0.80      0.86        15
          11       0.67      0.67      0.67         3
          13       0.82      1.00      0.90        23
          14       0.88      1.00      0.93         7
          16       0.60      0.60      0.60         5
          20       1.00      1.00      1.00         3
          21       1.00      0.67      0.80         3
          22       1.00      1.00      1.00        11
          23       1.00      0.67      0.80         3
          24       1.00      1.00      1.00        10
          25       0.91      1.00      0.95        10
          27       1.00      1.00      1.00         4
          30       0.67      1.00      0.80         2
          32       1.00      1.00      1.00         5
          33       0.88      1.00      0.93         7
          34       1.00      1.00      1.00        10
          35       1.00      0.92      0.96        13
          37       1.00      0.88      0.93         8
          39       0.99      0.91      0.94        75
          41       0.60      1.00      0.75         3
          42       0.83      1.00      0.91         5
          45       1.00      1.00      1.00         5
          48       1.00      1.00      1.00        17
          49       0.94      1.00      0.97        17
          52       1.00      1.00      1.00        12
          53       1.00      1.00      1.00        20
          55       1.00      0.67      0.80         3
          56       0.93      1.00      0.96        13
          57       1.00      1.00      1.00         9
          58       0.83      0.83      0.83         6
          60       1.00      1.00      1.00         3
          62       1.00      1.00      1.00         6
          63       0.67      1.00      0.80         2
          68       0.90      0.90      0.90        48
          69       1.00      1.00      1.00         8
          70       1.00      1.00      1.00        12
          71       1.00      1.00      1.00         2
          74       0.60      1.00      0.75         3
          76       0.67      0.67      0.67         3
          77       1.00      1.00      1.00         6
          78       1.00      1.00      1.00         3
          80       1.00      1.00      1.00         6
          81       0.88      1.00      0.93         7
          82       0.98      1.00      0.99        41
          83       0.95      1.00      0.98        20
          84       0.00      0.00      0.00         3
          85       1.00      0.80      0.89         5
          86       1.00      0.92      0.96        38
          87       1.00      1.00      1.00         2
          88       0.67      1.00      0.80         4
          89       1.00      0.50      0.67         2
          90       1.00      0.50      0.67         2

    accuracy                           0.94       592
   macro avg       0.90      0.90      0.89       592
weighted avg       0.94      0.94      0.94       592
