X train: (2364, 284), X test: (592, 284)

Seed: 316

Baseline model: XGBClassifier with n_estimators=100
Tree limit: 27

Accuracy: 0.9375

              precision    recall  f1-score   support

           1       1.00      1.00      1.00        10
           3       1.00      1.00      1.00         6
           5       0.67      1.00      0.80         2
           6       1.00      1.00      1.00         3
           7       1.00      1.00      1.00         5
           8       0.00      0.00      0.00         2
           9       1.00      1.00      1.00        11
          10       1.00      0.87      0.93        15
          11       0.60      1.00      0.75         3
          13       0.90      0.83      0.86        23
          14       0.88      1.00      0.93         7
          16       0.67      0.80      0.73         5
          20       0.50      0.67      0.57         3
          21       1.00      1.00      1.00         3
          22       1.00      1.00      1.00        11
          23       1.00      1.00      1.00         3
          24       1.00      0.90      0.95        10
          25       0.83      1.00      0.91        10
          27       1.00      0.75      0.86         4
          30       1.00      0.50      0.67         2
          32       0.83      1.00      0.91         5
          33       1.00      1.00      1.00         7
          34       1.00      1.00      1.00        10
          35       1.00      1.00      1.00        13
          37       0.67      1.00      0.80         8
          39       0.96      0.93      0.95        75
          41       1.00      0.67      0.80         3
          42       1.00      0.80      0.89         5
          45       0.67      0.80      0.73         5
          48       1.00      1.00      1.00        17
          49       0.89      1.00      0.94        17
          52       1.00      1.00      1.00        12
          53       1.00      1.00      1.00        20
          55       1.00      0.67      0.80         3
          56       0.93      1.00      0.96        13
          57       1.00      1.00      1.00         9
          58       0.86      1.00      0.92         6
          60       1.00      1.00      1.00         3
          62       1.00      1.00      1.00         6
          63       1.00      0.50      0.67         2
          68       0.90      0.92      0.91        48
          69       1.00      1.00      1.00         8
          70       0.91      0.83      0.87        12
          71       1.00      1.00      1.00         2
          74       1.00      0.33      0.50         3
          76       1.00      1.00      1.00         3
          77       1.00      1.00      1.00         6
          78       0.75      1.00      0.86         3
          80       1.00      1.00      1.00         6
          81       1.00      0.86      0.92         7
          82       0.98      1.00      0.99        41
          83       1.00      0.85      0.92        20
          84       0.75      1.00      0.86         3
          85       1.00      1.00      1.00         5
          86       0.97      0.97      0.97        38
          87       1.00      1.00      1.00         2
          88       0.80      1.00      0.89         4
          89       1.00      0.50      0.67         2
          90       1.00      1.00      1.00         2

    accuracy                           0.94       592
   macro avg       0.91      0.90      0.89       592
weighted avg       0.94      0.94      0.94       592
