X train: (2364, 284), X test: (592, 284)

Seed: 134

Baseline model: XGBClassifier with n_estimators=100
Tree limit: 18

Accuracy: 0.9476351351351351

              precision    recall  f1-score   support

           1       0.71      1.00      0.83        10
           3       1.00      0.83      0.91         6
           5       1.00      1.00      1.00         2
           6       1.00      0.67      0.80         3
           7       1.00      1.00      1.00         5
           8       0.00      0.00      0.00         2
           9       1.00      1.00      1.00        11
          10       1.00      0.93      0.97        15
          11       1.00      1.00      1.00         3
          13       0.92      0.96      0.94        23
          14       1.00      1.00      1.00         7
          16       1.00      1.00      1.00         5
          20       0.75      1.00      0.86         3
          21       1.00      1.00      1.00         3
          22       0.92      1.00      0.96        11
          23       1.00      1.00      1.00         3
          24       1.00      1.00      1.00        10
          25       0.82      0.90      0.86        10
          27       1.00      0.75      0.86         4
          30       0.67      1.00      0.80         2
          32       1.00      0.60      0.75         5
          33       0.78      1.00      0.88         7
          34       1.00      1.00      1.00        10
          35       1.00      1.00      1.00        13
          37       0.83      0.62      0.71         8
          39       0.95      0.96      0.95        75
          41       1.00      0.67      0.80         3
          42       1.00      1.00      1.00         5
          45       1.00      1.00      1.00         5
          48       1.00      1.00      1.00        17
          49       0.94      0.94      0.94        17
          52       1.00      0.92      0.96        12
          53       1.00      1.00      1.00        20
          55       1.00      1.00      1.00         3
          56       0.92      0.85      0.88        13
          57       1.00      1.00      1.00         9
          58       0.86      1.00      0.92         6
          60       0.75      1.00      0.86         3
          62       1.00      1.00      1.00         6
          63       0.33      0.50      0.40         2
          68       0.96      0.90      0.92        48
          69       1.00      1.00      1.00         8
          70       1.00      1.00      1.00        12
          71       1.00      1.00      1.00         2
          74       1.00      1.00      1.00         3
          76       0.75      1.00      0.86         3
          77       1.00      1.00      1.00         6
          78       1.00      1.00      1.00         3
          80       1.00      1.00      1.00         6
          81       1.00      1.00      1.00         7
          82       1.00      1.00      1.00        41
          83       0.95      0.95      0.95        20
          84       1.00      0.67      0.80         3
          85       1.00      1.00      1.00         5
          86       1.00      1.00      1.00        38
          87       1.00      1.00      1.00         2
          88       0.60      0.75      0.67         4
          89       1.00      0.50      0.67         2
          90       1.00      1.00      1.00         2

    accuracy                           0.95       592
   macro avg       0.92      0.91      0.91       592
weighted avg       0.95      0.95      0.95       592
