X train: (2364, 284), X test: (592, 284)

Seed: 842

Baseline model: XGBClassifier with n_estimators=100
Tree limit: 23

Accuracy: 0.9543918918918919

              precision    recall  f1-score   support

           1       0.90      0.90      0.90        10
           3       1.00      1.00      1.00         6
           5       1.00      1.00      1.00         2
           6       1.00      0.67      0.80         3
           7       1.00      1.00      1.00         5
           8       1.00      1.00      1.00         2
           9       1.00      1.00      1.00        11
          10       0.88      1.00      0.94        15
          11       1.00      0.67      0.80         3
          13       0.91      0.87      0.89        23
          14       1.00      1.00      1.00         7
          16       1.00      1.00      1.00         5
          20       0.67      0.67      0.67         3
          21       1.00      1.00      1.00         3
          22       1.00      1.00      1.00        11
          23       1.00      1.00      1.00         3
          24       1.00      0.90      0.95        10
          25       0.90      0.90      0.90        10
          27       1.00      0.50      0.67         4
          30       1.00      1.00      1.00         2
          32       1.00      1.00      1.00         5
          33       1.00      1.00      1.00         7
          34       1.00      1.00      1.00        10
          35       1.00      1.00      1.00        13
          37       1.00      1.00      1.00         8
          39       0.95      0.95      0.95        75
          41       1.00      0.67      0.80         3
          42       1.00      0.80      0.89         5
          45       1.00      1.00      1.00         5
          48       1.00      1.00      1.00        17
          49       0.94      1.00      0.97        17
          52       1.00      1.00      1.00        12
          53       1.00      1.00      1.00        20
          55       1.00      0.67      0.80         3
          56       0.93      1.00      0.96        13
          57       1.00      1.00      1.00         9
          58       0.86      1.00      0.92         6
          60       0.75      1.00      0.86         3
          62       0.67      1.00      0.80         6
          63       1.00      1.00      1.00         2
          68       0.92      0.94      0.93        48
          69       1.00      1.00      1.00         8
          70       1.00      1.00      1.00        12
          71       0.00      0.00      0.00         2
          74       0.60      1.00      0.75         3
          76       1.00      1.00      1.00         3
          77       1.00      1.00      1.00         6
          78       1.00      1.00      1.00         3
          80       1.00      1.00      1.00         6
          81       0.78      1.00      0.88         7
          82       1.00      1.00      1.00        41
          83       1.00      1.00      1.00        20
          84       1.00      1.00      1.00         3
          85       1.00      0.60      0.75         5
          86       1.00      1.00      1.00        38
          87       1.00      1.00      1.00         2
          88       1.00      0.75      0.86         4
          89       0.67      1.00      0.80         2
          90       1.00      0.50      0.67         2

    accuracy                           0.95       592
   macro avg       0.94      0.91      0.92       592
weighted avg       0.96      0.95      0.95       592
