X train: (2364, 284), X test: (592, 284)

Seed: 342

Baseline model: XGBClassifier with n_estimators=100
Tree limit: 19

Accuracy: 0.9510135135135135

              precision    recall  f1-score   support

           1       0.90      0.90      0.90        10
           3       1.00      0.83      0.91         6
           5       1.00      1.00      1.00         2
           6       1.00      1.00      1.00         3
           7       1.00      1.00      1.00         5
           8       0.67      1.00      0.80         2
           9       1.00      1.00      1.00        11
          10       0.94      1.00      0.97        15
          11       0.40      0.67      0.50         3
          13       0.88      0.96      0.92        23
          14       0.88      1.00      0.93         7
          16       0.83      1.00      0.91         5
          20       1.00      0.67      0.80         3
          21       1.00      1.00      1.00         3
          22       0.92      1.00      0.96        11
          23       1.00      1.00      1.00         3
          24       1.00      1.00      1.00        10
          25       0.83      1.00      0.91        10
          27       1.00      0.75      0.86         4
          30       1.00      0.50      0.67         2
          32       1.00      1.00      1.00         5
          33       1.00      1.00      1.00         7
          34       1.00      1.00      1.00        10
          35       1.00      1.00      1.00        13
          37       0.89      1.00      0.94         8
          39       1.00      0.92      0.96        75
          41       1.00      1.00      1.00         3
          42       1.00      1.00      1.00         5
          45       1.00      1.00      1.00         5
          48       1.00      1.00      1.00        17
          49       0.89      1.00      0.94        17
          52       0.91      0.83      0.87        12
          53       1.00      1.00      1.00        20
          55       1.00      0.33      0.50         3
          56       1.00      1.00      1.00        13
          57       1.00      1.00      1.00         9
          58       0.75      1.00      0.86         6
          60       0.75      1.00      0.86         3
          62       1.00      1.00      1.00         6
          63       1.00      0.50      0.67         2
          68       0.93      0.88      0.90        48
          69       1.00      1.00      1.00         8
          70       1.00      1.00      1.00        12
          71       1.00      1.00      1.00         2
          74       0.60      1.00      0.75         3
          76       1.00      1.00      1.00         3
          77       0.86      1.00      0.92         6
          78       0.75      1.00      0.86         3
          80       1.00      1.00      1.00         6
          81       1.00      1.00      1.00         7
          82       1.00      1.00      1.00        41
          83       1.00      0.95      0.97        20
          84       1.00      1.00      1.00         3
          85       1.00      0.80      0.89         5
          86       1.00      0.92      0.96        38
          87       1.00      1.00      1.00         2
          88       0.80      1.00      0.89         4
          89       1.00      1.00      1.00         2
          90       1.00      1.00      1.00         2

    accuracy                           0.95       592
   macro avg       0.94      0.94      0.93       592
weighted avg       0.96      0.95      0.95       592
