X train: (2364, 284), X test: (592, 284)

Seed: 329

Baseline model: XGBClassifier with n_estimators=100
Tree limit: 24

Accuracy: 0.9510135135135135

              precision    recall  f1-score   support

           1       1.00      0.90      0.95        10
           3       1.00      1.00      1.00         6
           5       1.00      1.00      1.00         2
           6       1.00      1.00      1.00         3
           7       1.00      0.60      0.75         5
           8       0.00      0.00      0.00         2
           9       1.00      1.00      1.00        11
          10       0.94      1.00      0.97        15
          11       1.00      1.00      1.00         3
          13       1.00      1.00      1.00        23
          14       1.00      1.00      1.00         7
          16       1.00      1.00      1.00         5
          20       1.00      1.00      1.00         3
          21       1.00      1.00      1.00         3
          22       1.00      1.00      1.00        11
          23       0.60      1.00      0.75         3
          24       1.00      0.80      0.89        10
          25       1.00      1.00      1.00        10
          27       1.00      1.00      1.00         4
          30       1.00      1.00      1.00         2
          32       1.00      0.80      0.89         5
          33       1.00      1.00      1.00         7
          34       1.00      1.00      1.00        10
          35       1.00      1.00      1.00        13
          37       0.80      1.00      0.89         8
          39       0.92      0.96      0.94        75
          41       0.75      1.00      0.86         3
          42       0.83      1.00      0.91         5
          45       1.00      1.00      1.00         5
          48       1.00      1.00      1.00        17
          49       1.00      0.88      0.94        17
          52       0.92      0.92      0.92        12
          53       1.00      0.95      0.97        20
          55       0.60      1.00      0.75         3
          56       1.00      1.00      1.00        13
          57       1.00      0.78      0.88         9
          58       1.00      1.00      1.00         6
          60       1.00      1.00      1.00         3
          62       0.83      0.83      0.83         6
          63       0.50      0.50      0.50         2
          68       0.90      0.96      0.93        48
          69       0.89      1.00      0.94         8
          70       1.00      0.83      0.91        12
          71       0.50      0.50      0.50         2
          74       1.00      0.33      0.50         3
          76       1.00      1.00      1.00         3
          77       1.00      1.00      1.00         6
          78       1.00      1.00      1.00         3
          80       1.00      1.00      1.00         6
          81       1.00      1.00      1.00         7
          82       1.00      1.00      1.00        41
          83       1.00      0.95      0.97        20
          84       1.00      1.00      1.00         3
          85       1.00      1.00      1.00         5
          86       1.00      1.00      1.00        38
          87       1.00      1.00      1.00         2
          88       0.60      0.75      0.67         4
          89       1.00      0.50      0.67         2
          90       1.00      1.00      1.00         2

    accuracy                           0.95       592
   macro avg       0.93      0.91      0.91       592
weighted avg       0.96      0.95      0.95       592
