X train: (2364, 284), X test: (592, 284)

Seed: 504

Baseline model: XGBClassifier with n_estimators=100
Tree limit: 14

Accuracy: 0.9476351351351351

              precision    recall  f1-score   support

           1       0.91      1.00      0.95        10
           3       1.00      1.00      1.00         6
           5       1.00      1.00      1.00         2
           6       1.00      1.00      1.00         3
           7       1.00      1.00      1.00         5
           8       0.50      1.00      0.67         2
           9       1.00      0.91      0.95        11
          10       0.94      1.00      0.97        15
          11       1.00      1.00      1.00         3
          13       1.00      1.00      1.00        23
          14       1.00      1.00      1.00         7
          16       1.00      1.00      1.00         5
          20       1.00      1.00      1.00         3
          21       1.00      1.00      1.00         3
          22       0.92      1.00      0.96        11
          23       1.00      1.00      1.00         3
          24       1.00      1.00      1.00        10
          25       1.00      1.00      1.00        10
          27       1.00      1.00      1.00         4
          30       0.67      1.00      0.80         2
          32       1.00      0.40      0.57         5
          33       0.70      1.00      0.82         7
          34       1.00      0.90      0.95        10
          35       1.00      0.92      0.96        13
          37       0.80      1.00      0.89         8
          39       0.97      0.92      0.95        75
          41       0.75      1.00      0.86         3
          42       1.00      1.00      1.00         5
          45       1.00      0.60      0.75         5
          48       1.00      1.00      1.00        17
          49       1.00      0.94      0.97        17
          52       0.86      1.00      0.92        12
          53       1.00      1.00      1.00        20
          55       1.00      0.67      0.80         3
          56       1.00      1.00      1.00        13
          57       0.89      0.89      0.89         9
          58       0.83      0.83      0.83         6
          60       0.60      1.00      0.75         3
          62       0.67      1.00      0.80         6
          63       1.00      1.00      1.00         2
          68       0.90      0.92      0.91        48
          69       0.88      0.88      0.88         8
          70       1.00      1.00      1.00        12
          71       1.00      0.50      0.67         2
          74       1.00      1.00      1.00         3
          76       1.00      1.00      1.00         3
          77       1.00      1.00      1.00         6
          78       1.00      0.33      0.50         3
          80       1.00      1.00      1.00         6
          81       1.00      1.00      1.00         7
          82       1.00      0.98      0.99        41
          83       1.00      0.90      0.95        20
          84       1.00      0.67      0.80         3
          85       1.00      1.00      1.00         5
          86       0.95      1.00      0.97        38
          87       1.00      1.00      1.00         2
          88       1.00      1.00      1.00         4
          89       1.00      1.00      1.00         2
          90       1.00      0.50      0.67         2

    accuracy                           0.95       592
   macro avg       0.94      0.93      0.92       592
weighted avg       0.96      0.95      0.95       592
