X train: (2364, 284), X test: (592, 284)

Seed: 856

Baseline model: XGBClassifier with n_estimators=100
Tree limit: 10

Accuracy: 0.9425675675675675

              precision    recall  f1-score   support

           1       0.83      1.00      0.91        10
           3       1.00      1.00      1.00         6
           5       1.00      1.00      1.00         2
           6       0.75      1.00      0.86         3
           7       0.83      1.00      0.91         5
           8       0.00      0.00      0.00         2
           9       1.00      0.91      0.95        11
          10       1.00      1.00      1.00        15
          11       0.75      1.00      0.86         3
          13       0.88      1.00      0.94        23
          14       1.00      1.00      1.00         7
          16       1.00      1.00      1.00         5
          20       1.00      0.33      0.50         3
          21       1.00      1.00      1.00         3
          22       0.85      1.00      0.92        11
          23       1.00      1.00      1.00         3
          24       1.00      1.00      1.00        10
          25       0.91      1.00      0.95        10
          27       0.67      1.00      0.80         4
          30       0.67      1.00      0.80         2
          32       1.00      0.60      0.75         5
          33       1.00      0.71      0.83         7
          34       1.00      0.90      0.95        10
          35       0.93      1.00      0.96        13
          37       0.89      1.00      0.94         8
          39       0.97      0.93      0.95        75
          41       1.00      1.00      1.00         3
          42       1.00      0.80      0.89         5
          45       1.00      1.00      1.00         5
          48       1.00      1.00      1.00        17
          49       0.94      1.00      0.97        17
          52       1.00      0.83      0.91        12
          53       1.00      1.00      1.00        20
          55       1.00      1.00      1.00         3
          56       1.00      0.85      0.92        13
          57       1.00      0.78      0.88         9
          58       1.00      1.00      1.00         6
          60       1.00      1.00      1.00         3
          62       0.80      0.67      0.73         6
          63       1.00      0.50      0.67         2
          68       0.83      0.92      0.87        48
          69       0.89      1.00      0.94         8
          70       1.00      1.00      1.00        12
          71       0.50      0.50      0.50         2
          74       0.75      1.00      0.86         3
          76       1.00      1.00      1.00         3
          77       1.00      1.00      1.00         6
          78       1.00      1.00      1.00         3
          80       1.00      1.00      1.00         6
          81       1.00      1.00      1.00         7
          82       1.00      1.00      1.00        41
          83       1.00      0.90      0.95        20
          84       0.75      1.00      0.86         3
          85       1.00      1.00      1.00         5
          86       0.97      1.00      0.99        38
          87       1.00      1.00      1.00         2
          88       1.00      1.00      1.00         4
          89       0.00      0.00      0.00         2
          90       1.00      1.00      1.00         2

    accuracy                           0.94       592
   macro avg       0.90      0.90      0.89       592
weighted avg       0.94      0.94      0.94       592
