X train: (2364, 284), X test: (592, 284)

Seed: 273

Baseline model: XGBClassifier with n_estimators=100
Tree limit: 23

Accuracy: 0.9527027027027027

              precision    recall  f1-score   support

           1       0.83      1.00      0.91        10
           3       1.00      1.00      1.00         6
           5       0.40      1.00      0.57         2
           6       0.60      1.00      0.75         3
           7       0.83      1.00      0.91         5
           8       1.00      1.00      1.00         2
           9       1.00      1.00      1.00        11
          10       0.93      0.87      0.90        15
          11       1.00      1.00      1.00         3
          13       0.96      0.96      0.96        23
          14       1.00      1.00      1.00         7
          16       1.00      1.00      1.00         5
          20       1.00      0.67      0.80         3
          21       1.00      1.00      1.00         3
          22       1.00      1.00      1.00        11
          23       1.00      1.00      1.00         3
          24       1.00      0.90      0.95        10
          25       1.00      1.00      1.00        10
          27       1.00      0.75      0.86         4
          30       0.00      0.00      0.00         2
          32       0.80      0.80      0.80         5
          33       1.00      1.00      1.00         7
          34       1.00      1.00      1.00        10
          35       1.00      1.00      1.00        13
          37       0.73      1.00      0.84         8
          39       0.97      0.97      0.97        75
          41       1.00      0.67      0.80         3
          42       1.00      1.00      1.00         5
          45       1.00      1.00      1.00         5
          48       1.00      1.00      1.00        17
          49       0.89      1.00      0.94        17
          52       1.00      1.00      1.00        12
          53       1.00      1.00      1.00        20
          55       0.75      1.00      0.86         3
          56       1.00      0.85      0.92        13
          57       1.00      0.89      0.94         9
          58       1.00      1.00      1.00         6
          60       1.00      1.00      1.00         3
          62       1.00      0.83      0.91         6
          63       1.00      1.00      1.00         2
          68       0.91      0.88      0.89        48
          69       1.00      1.00      1.00         8
          70       1.00      1.00      1.00        12
          71       1.00      1.00      1.00         2
          74       0.67      0.67      0.67         3
          76       1.00      1.00      1.00         3
          77       1.00      1.00      1.00         6
          78       0.75      1.00      0.86         3
          80       1.00      1.00      1.00         6
          81       0.88      1.00      0.93         7
          82       1.00      1.00      1.00        41
          83       1.00      1.00      1.00        20
          84       1.00      0.67      0.80         3
          85       1.00      1.00      1.00         5
          86       1.00      0.97      0.99        38
          87       1.00      1.00      1.00         2
          88       0.67      0.50      0.57         4
          89       0.50      0.50      0.50         2
          90       1.00      1.00      1.00         2

    accuracy                           0.95       592
   macro avg       0.92      0.92      0.91       592
weighted avg       0.96      0.95      0.95       592
