X train: (2364, 284), X test: (592, 284)

Seed: 282

Baseline model: XGBClassifier with n_estimators=100
Tree limit: 18

Accuracy: 0.9510135135135135

              precision    recall  f1-score   support

           1       0.91      1.00      0.95        10
           3       1.00      1.00      1.00         6
           5       1.00      1.00      1.00         2
           6       1.00      1.00      1.00         3
           7       0.83      1.00      0.91         5
           8       0.67      1.00      0.80         2
           9       1.00      1.00      1.00        11
          10       0.93      0.93      0.93        15
          11       1.00      1.00      1.00         3
          13       0.95      0.91      0.93        23
          14       0.88      1.00      0.93         7
          16       1.00      0.80      0.89         5
          20       1.00      0.33      0.50         3
          21       1.00      1.00      1.00         3
          22       1.00      1.00      1.00        11
          23       1.00      0.67      0.80         3
          24       1.00      0.90      0.95        10
          25       0.83      1.00      0.91        10
          27       1.00      1.00      1.00         4
          30       1.00      0.50      0.67         2
          32       0.83      1.00      0.91         5
          33       1.00      0.86      0.92         7
          34       1.00      1.00      1.00        10
          35       1.00      1.00      1.00        13
          37       0.89      1.00      0.94         8
          39       0.96      0.93      0.95        75
          41       1.00      1.00      1.00         3
          42       1.00      0.80      0.89         5
          45       1.00      1.00      1.00         5
          48       1.00      1.00      1.00        17
          49       0.85      1.00      0.92        17
          52       0.92      0.92      0.92        12
          53       1.00      1.00      1.00        20
          55       1.00      1.00      1.00         3
          56       0.93      1.00      0.96        13
          57       1.00      1.00      1.00         9
          58       1.00      1.00      1.00         6
          60       1.00      1.00      1.00         3
          62       0.83      0.83      0.83         6
          63       0.50      0.50      0.50         2
          68       0.90      0.92      0.91        48
          69       0.80      1.00      0.89         8
          70       0.92      1.00      0.96        12
          71       1.00      0.50      0.67         2
          74       1.00      1.00      1.00         3
          76       1.00      1.00      1.00         3
          77       1.00      0.83      0.91         6
          78       1.00      1.00      1.00         3
          80       1.00      1.00      1.00         6
          81       1.00      1.00      1.00         7
          82       0.98      1.00      0.99        41
          83       1.00      0.95      0.97        20
          84       1.00      1.00      1.00         3
          85       1.00      1.00      1.00         5
          86       1.00      0.95      0.97        38
          87       1.00      1.00      1.00         2
          88       1.00      1.00      1.00         4
          89       1.00      1.00      1.00         2
          90       1.00      0.50      0.67         2

    accuracy                           0.95       592
   macro avg       0.95      0.92      0.93       592
weighted avg       0.95      0.95      0.95       592
