X train: (2364, 419), X test: (592, 419)

Seed: 871

Baseline model: XGBClassifier with n_estimators=100
Tree limit: 61

Accuracy: 0.6858108108108109

              precision    recall  f1-score   support

           1       0.62      0.80      0.70        10
           3       0.80      0.67      0.73         6
           5       0.50      1.00      0.67         2
           6       1.00      1.00      1.00         3
           7       0.43      0.60      0.50         5
           8       0.00      0.00      0.00         2
           9       0.57      0.73      0.64        11
          10       0.85      0.73      0.79        15
          11       0.29      0.67      0.40         3
          13       0.87      0.57      0.68        23
          14       0.70      1.00      0.82         7
          16       1.00      0.60      0.75         5
          20       0.60      1.00      0.75         3
          21       0.33      0.33      0.33         3
          22       0.58      0.64      0.61        11
          23       1.00      0.67      0.80         3
          24       0.75      0.90      0.82        10
          25       0.89      0.80      0.84        10
          27       0.60      0.75      0.67         4
          30       0.50      0.50      0.50         2
          32       0.80      0.80      0.80         5
          33       0.60      0.86      0.71         7
          34       0.75      0.90      0.82        10
          35       0.67      0.62      0.64        13
          37       0.56      0.62      0.59         8
          39       0.63      0.63      0.63        75
          41       0.00      0.00      0.00         3
          42       0.75      0.60      0.67         5
          45       0.80      0.80      0.80         5
          48       0.76      0.94      0.84        17
          49       0.60      0.71      0.65        17
          52       0.89      0.67      0.76        12
          53       0.65      0.55      0.59        20
          55       0.67      0.67      0.67         3
          56       0.80      0.62      0.70        13
          57       0.69      1.00      0.82         9
          58       0.75      1.00      0.86         6
          60       0.50      0.33      0.40         3
          62       0.71      0.83      0.77         6
          63       0.33      0.50      0.40         2
          68       0.71      0.75      0.73        48
          69       0.78      0.88      0.82         8
          70       0.82      0.75      0.78        12
          71       0.50      0.50      0.50         2
          74       0.33      0.67      0.44         3
          76       0.25      0.33      0.29         3
          77       0.67      0.33      0.44         6
          78       0.67      0.67      0.67         3
          80       0.60      0.50      0.55         6
          81       0.67      0.57      0.62         7
          82       0.83      0.61      0.70        41
          83       0.92      0.55      0.69        20
          84       0.60      1.00      0.75         3
          85       0.60      0.60      0.60         5
          86       0.80      0.63      0.71        38
          87       0.67      1.00      0.80         2
          88       1.00      1.00      1.00         4
          89       0.50      1.00      0.67         2
          90       0.50      1.00      0.67         2

    accuracy                           0.69       592
   macro avg       0.65      0.69      0.65       592
weighted avg       0.71      0.69      0.69       592
