X train: (2364, 419), X test: (592, 419)

Seed: 803

Baseline model: XGBClassifier with n_estimators=100
Tree limit: 54

Accuracy: 0.6824324324324325

              precision    recall  f1-score   support

           1       0.60      0.30      0.40        10
           3       0.67      0.33      0.44         6
           5       0.67      1.00      0.80         2
           6       0.75      1.00      0.86         3
           7       0.80      0.80      0.80         5
           8       0.00      0.00      0.00         2
           9       0.69      0.82      0.75        11
          10       0.62      0.53      0.57        15
          11       0.33      0.33      0.33         3
          13       0.73      0.70      0.71        23
          14       0.67      0.57      0.62         7
          16       0.40      0.40      0.40         5
          20       1.00      1.00      1.00         3
          21       0.38      1.00      0.55         3
          22       0.64      0.82      0.72        11
          23       0.75      1.00      0.86         3
          24       0.70      0.70      0.70        10
          25       0.70      0.70      0.70        10
          27       0.50      0.25      0.33         4
          30       0.00      0.00      0.00         2
          32       1.00      0.60      0.75         5
          33       0.58      1.00      0.74         7
          34       0.82      0.90      0.86        10
          35       0.92      0.92      0.92        13
          37       0.64      0.88      0.74         8
          39       0.70      0.67      0.68        75
          41       0.67      0.67      0.67         3
          42       0.60      0.60      0.60         5
          45       0.80      0.80      0.80         5
          48       0.80      0.71      0.75        17
          49       0.75      0.53      0.62        17
          52       1.00      0.58      0.74        12
          53       0.82      0.45      0.58        20
          55       0.60      1.00      0.75         3
          56       0.73      0.85      0.79        13
          57       1.00      0.67      0.80         9
          58       0.60      1.00      0.75         6
          60       0.67      0.67      0.67         3
          62       0.44      0.67      0.53         6
          63       0.25      0.50      0.33         2
          68       0.69      0.73      0.71        48
          69       0.88      0.88      0.88         8
          70       0.55      0.92      0.69        12
          71       0.67      1.00      0.80         2
          74       0.40      0.67      0.50         3
          76       1.00      1.00      1.00         3
          77       0.75      1.00      0.86         6
          78       1.00      1.00      1.00         3
          80       0.75      1.00      0.86         6
          81       0.83      0.71      0.77         7
          82       0.67      0.59      0.62        41
          83       0.62      0.50      0.56        20
          84       0.38      1.00      0.55         3
          85       0.71      1.00      0.83         5
          86       0.77      0.53      0.62        38
          87       0.67      1.00      0.80         2
          88       0.40      1.00      0.57         4
          89       0.00      0.00      0.00         2
          90       0.67      1.00      0.80         2

    accuracy                           0.68       592
   macro avg       0.65      0.72      0.66       592
weighted avg       0.70      0.68      0.68       592
