X train: (2364, 419), X test: (592, 419)

Seed: 127

Baseline model: XGBClassifier with n_estimators=100
Tree limit: 49

Accuracy: 0.7077702702702703

              precision    recall  f1-score   support

           1       0.73      0.80      0.76        10
           3       0.75      1.00      0.86         6
           5       1.00      1.00      1.00         2
           6       0.60      1.00      0.75         3
           7       0.60      0.60      0.60         5
           8       0.25      0.50      0.33         2
           9       0.90      0.82      0.86        11
          10       0.79      0.73      0.76        15
          11       0.43      1.00      0.60         3
          13       0.61      0.61      0.61        23
          14       0.83      0.71      0.77         7
          16       0.67      0.40      0.50         5
          20       0.38      1.00      0.55         3
          21       1.00      0.67      0.80         3
          22       0.73      0.73      0.73        11
          23       0.75      1.00      0.86         3
          24       1.00      0.70      0.82        10
          25       0.71      1.00      0.83        10
          27       1.00      1.00      1.00         4
          30       0.67      1.00      0.80         2
          32       0.33      0.40      0.36         5
          33       0.80      0.57      0.67         7
          34       0.69      0.90      0.78        10
          35       0.71      0.77      0.74        13
          37       0.50      0.50      0.50         8
          39       0.75      0.68      0.71        75
          41       0.67      0.67      0.67         3
          42       0.33      0.40      0.36         5
          45       1.00      0.80      0.89         5
          48       0.88      0.88      0.88        17
          49       0.77      0.59      0.67        17
          52       0.67      0.50      0.57        12
          53       0.63      0.60      0.62        20
          55       1.00      1.00      1.00         3
          56       0.64      0.69      0.67        13
          57       0.90      1.00      0.95         9
          58       0.46      1.00      0.63         6
          60       1.00      0.67      0.80         3
          62       1.00      0.83      0.91         6
          63       0.50      0.50      0.50         2
          68       0.80      0.77      0.79        48
          69       1.00      0.88      0.93         8
          70       0.78      0.58      0.67        12
          71       0.00      0.00      0.00         2
          74       0.50      0.67      0.57         3
          76       0.33      0.33      0.33         3
          77       0.60      0.50      0.55         6
          78       0.75      1.00      0.86         3
          80       0.86      1.00      0.92         6
          81       0.60      0.86      0.71         7
          82       0.72      0.63      0.68        41
          83       0.81      0.65      0.72        20
          84       0.20      0.33      0.25         3
          85       0.67      0.80      0.73         5
          86       0.62      0.66      0.64        38
          87       1.00      1.00      1.00         2
          88       0.67      0.50      0.57         4
          89       0.00      0.00      0.00         2
          90       1.00      1.00      1.00         2

    accuracy                           0.71       592
   macro avg       0.69      0.72      0.69       592
weighted avg       0.73      0.71      0.71       592
