X train: (2364, 419), X test: (592, 419)

Seed: 607

Baseline model: XGBClassifier with n_estimators=100
Tree limit: 37

Accuracy: 0.7010135135135135

              precision    recall  f1-score   support

           1       0.55      0.60      0.57        10
           3       0.75      1.00      0.86         6
           5       0.67      1.00      0.80         2
           6       1.00      1.00      1.00         3
           7       0.67      0.80      0.73         5
           8       0.14      0.50      0.22         2
           9       0.82      0.82      0.82        11
          10       0.53      0.60      0.56        15
          11       0.33      0.33      0.33         3
          13       0.94      0.70      0.80        23
          14       0.57      0.57      0.57         7
          16       0.80      0.80      0.80         5
          20       0.50      0.67      0.57         3
          21       0.50      0.67      0.57         3
          22       0.82      0.82      0.82        11
          23       0.50      0.67      0.57         3
          24       0.71      0.50      0.59        10
          25       0.60      0.90      0.72        10
          27       0.50      0.50      0.50         4
          30       0.67      1.00      0.80         2
          32       0.50      0.60      0.55         5
          33       0.62      0.71      0.67         7
          34       0.90      0.90      0.90        10
          35       0.73      0.62      0.67        13
          37       0.46      0.75      0.57         8
          39       0.74      0.64      0.69        75
          41       0.43      1.00      0.60         3
          42       0.83      1.00      0.91         5
          45       0.80      0.80      0.80         5
          48       0.78      0.82      0.80        17
          49       0.60      0.71      0.65        17
          52       1.00      0.50      0.67        12
          53       0.80      0.60      0.69        20
          55       1.00      0.33      0.50         3
          56       0.92      0.85      0.88        13
          57       0.83      0.56      0.67         9
          58       0.71      0.83      0.77         6
          60       0.75      1.00      0.86         3
          62       0.67      0.67      0.67         6
          63       0.67      1.00      0.80         2
          68       0.67      0.60      0.64        48
          69       0.70      0.88      0.78         8
          70       0.89      0.67      0.76        12
          71       0.33      0.50      0.40         2
          74       0.50      0.33      0.40         3
          76       0.67      0.67      0.67         3
          77       0.67      0.67      0.67         6
          78       0.75      1.00      0.86         3
          80       1.00      0.83      0.91         6
          81       0.67      0.86      0.75         7
          82       0.75      0.80      0.78        41
          83       0.75      0.60      0.67        20
          84       0.60      1.00      0.75         3
          85       0.43      0.60      0.50         5
          86       0.84      0.68      0.75        38
          87       0.33      0.50      0.40         2
          88       0.50      0.75      0.60         4
          89       0.40      1.00      0.57         2
          90       1.00      1.00      1.00         2

    accuracy                           0.70       592
   macro avg       0.67      0.73      0.68       592
weighted avg       0.73      0.70      0.70       592
