X train: (2364, 419), X test: (592, 419)

Seed: 831

Baseline model: XGBClassifier with n_estimators=100
Tree limit: 45

Accuracy: 0.6587837837837838

              precision    recall  f1-score   support

           1       0.67      0.60      0.63        10
           3       0.71      0.83      0.77         6
           5       1.00      0.50      0.67         2
           6       0.60      1.00      0.75         3
           7       1.00      0.60      0.75         5
           8       0.00      0.00      0.00         2
           9       0.75      0.55      0.63        11
          10       0.83      1.00      0.91        15
          11       0.50      0.33      0.40         3
          13       0.72      0.57      0.63        23
          14       0.71      0.71      0.71         7
          16       0.50      0.80      0.62         5
          20       0.50      0.33      0.40         3
          21       0.75      1.00      0.86         3
          22       0.77      0.91      0.83        11
          23       0.75      1.00      0.86         3
          24       0.60      0.60      0.60        10
          25       0.83      0.50      0.62        10
          27       1.00      0.50      0.67         4
          30       0.33      0.50      0.40         2
          32       0.43      0.60      0.50         5
          33       0.40      0.57      0.47         7
          34       0.90      0.90      0.90        10
          35       0.59      0.77      0.67        13
          37       0.45      0.62      0.53         8
          39       0.62      0.71      0.66        75
          41       0.75      1.00      0.86         3
          42       0.50      0.80      0.62         5
          45       1.00      0.80      0.89         5
          48       0.86      0.71      0.77        17
          49       0.77      0.59      0.67        17
          52       0.57      0.33      0.42        12
          53       0.68      0.65      0.67        20
          55       1.00      0.33      0.50         3
          56       0.77      0.77      0.77        13
          57       0.67      0.44      0.53         9
          58       0.60      0.50      0.55         6
          60       1.00      0.67      0.80         3
          62       0.67      1.00      0.80         6
          63       0.50      0.50      0.50         2
          68       0.64      0.67      0.65        48
          69       0.60      0.75      0.67         8
          70       0.73      0.67      0.70        12
          71       1.00      0.50      0.67         2
          74       0.25      0.33      0.29         3
          76       1.00      0.67      0.80         3
          77       0.25      0.17      0.20         6
          78       0.33      0.33      0.33         3
          80       0.80      0.67      0.73         6
          81       0.86      0.86      0.86         7
          82       0.68      0.78      0.73        41
          83       0.70      0.80      0.74        20
          84       0.40      0.67      0.50         3
          85       0.60      0.60      0.60         5
          86       0.60      0.39      0.48        38
          87       0.33      0.50      0.40         2
          88       0.43      0.75      0.55         4
          89       0.00      0.00      0.00         2
          90       1.00      1.00      1.00         2

    accuracy                           0.66       592
   macro avg       0.65      0.63      0.62       592
weighted avg       0.67      0.66      0.65       592
