X train: (2364, 419), X test: (592, 419)

Seed: 93

Baseline model: XGBClassifier with n_estimators=100
Tree limit: 60

Accuracy: 0.714527027027027

              precision    recall  f1-score   support

           1       0.86      0.60      0.71        10
           3       0.57      0.67      0.62         6
           5       0.33      0.50      0.40         2
           6       0.60      1.00      0.75         3
           7       0.75      0.60      0.67         5
           8       0.33      1.00      0.50         2
           9       0.77      0.91      0.83        11
          10       0.86      0.80      0.83        15
          11       0.33      1.00      0.50         3
          13       0.85      0.74      0.79        23
          14       0.57      0.57      0.57         7
          16       0.62      1.00      0.77         5
          20       0.40      0.67      0.50         3
          21       1.00      0.33      0.50         3
          22       1.00      0.91      0.95        11
          23       0.33      0.33      0.33         3
          24       0.43      0.30      0.35        10
          25       1.00      0.90      0.95        10
          27       0.67      0.50      0.57         4
          30       0.33      0.50      0.40         2
          32       0.50      0.60      0.55         5
          33       0.67      0.57      0.62         7
          34       0.80      0.80      0.80        10
          35       0.47      0.54      0.50        13
          37       0.70      0.88      0.78         8
          39       0.64      0.79      0.71        75
          41       0.67      0.67      0.67         3
          42       0.75      0.60      0.67         5
          45       1.00      0.80      0.89         5
          48       0.72      0.76      0.74        17
          49       0.81      0.76      0.79        17
          52       0.70      0.58      0.64        12
          53       0.84      0.80      0.82        20
          55       1.00      0.67      0.80         3
          56       0.90      0.69      0.78        13
          57       1.00      0.89      0.94         9
          58       0.40      0.33      0.36         6
          60       0.75      1.00      0.86         3
          62       1.00      0.83      0.91         6
          63       0.00      0.00      0.00         2
          68       0.81      0.62      0.71        48
          69       0.71      0.62      0.67         8
          70       0.64      0.58      0.61        12
          71       0.50      0.50      0.50         2
          74       0.67      0.67      0.67         3
          76       1.00      0.33      0.50         3
          77       1.00      1.00      1.00         6
          78       0.75      1.00      0.86         3
          80       0.75      1.00      0.86         6
          81       1.00      1.00      1.00         7
          82       0.72      0.71      0.72        41
          83       0.81      0.65      0.72        20
          84       1.00      0.33      0.50         3
          85       0.57      0.80      0.67         5
          86       0.70      0.74      0.72        38
          87       0.33      0.50      0.40         2
          88       0.67      0.50      0.57         4
          89       0.50      0.50      0.50         2
          90       1.00      1.00      1.00         2

    accuracy                           0.71       592
   macro avg       0.70      0.69      0.67       592
weighted avg       0.74      0.71      0.72       592
