X train: (2364, 419), X test: (592, 419)

Seed: 780

Baseline model: XGBClassifier with n_estimators=100
Tree limit: 38

Accuracy: 0.6858108108108109

              precision    recall  f1-score   support

           1       0.89      0.80      0.84        10
           3       1.00      0.33      0.50         6
           5       1.00      1.00      1.00         2
           6       0.50      1.00      0.67         3
           7       0.60      0.60      0.60         5
           8       0.00      0.00      0.00         2
           9       0.83      0.91      0.87        11
          10       0.86      0.80      0.83        15
          11       1.00      0.67      0.80         3
          13       0.81      0.74      0.77        23
          14       0.25      0.29      0.27         7
          16       0.38      0.60      0.46         5
          20       0.33      0.33      0.33         3
          21       0.29      0.67      0.40         3
          22       0.64      0.82      0.72        11
          23       0.50      0.67      0.57         3
          24       0.64      0.70      0.67        10
          25       0.90      0.90      0.90        10
          27       1.00      0.75      0.86         4
          30       0.33      0.50      0.40         2
          32       0.67      0.40      0.50         5
          33       0.62      0.71      0.67         7
          34       0.67      0.60      0.63        10
          35       0.75      0.69      0.72        13
          37       1.00      0.75      0.86         8
          39       0.57      0.69      0.62        75
          41       0.33      0.33      0.33         3
          42       0.45      1.00      0.62         5
          45       0.50      0.80      0.62         5
          48       0.71      0.71      0.71        17
          49       0.91      0.59      0.71        17
          52       0.88      0.58      0.70        12
          53       0.91      0.50      0.65        20
          55       0.50      1.00      0.67         3
          56       0.75      0.69      0.72        13
          57       1.00      0.67      0.80         9
          58       0.80      0.67      0.73         6
          60       0.67      0.67      0.67         3
          62       0.50      0.50      0.50         6
          63       0.50      0.50      0.50         2
          68       0.72      0.65      0.68        48
          69       0.54      0.88      0.67         8
          70       0.88      0.58      0.70        12
          71       0.50      0.50      0.50         2
          74       0.60      1.00      0.75         3
          76       1.00      0.67      0.80         3
          77       0.80      0.67      0.73         6
          78       0.50      0.67      0.57         3
          80       1.00      1.00      1.00         6
          81       0.83      0.71      0.77         7
          82       0.78      0.68      0.73        41
          83       0.71      0.75      0.73        20
          84       0.75      1.00      0.86         3
          85       0.80      0.80      0.80         5
          86       0.75      0.63      0.69        38
          87       0.67      1.00      0.80         2
          88       0.57      1.00      0.73         4
          89       0.67      1.00      0.80         2
          90       0.50      0.50      0.50         2

    accuracy                           0.69       592
   macro avg       0.68      0.69      0.66       592
weighted avg       0.72      0.69      0.69       592
