X train: (2364, 419), X test: (592, 419)

Seed: 541

Baseline model: XGBClassifier with n_estimators=100
Tree limit: 55

Accuracy: 0.6621621621621622

              precision    recall  f1-score   support

           1       0.47      0.80      0.59        10
           3       0.56      0.83      0.67         6
           5       0.67      1.00      0.80         2
           6       0.33      0.67      0.44         3
           7       0.38      0.60      0.46         5
           8       0.33      0.50      0.40         2
           9       0.71      0.91      0.80        11
          10       0.86      0.80      0.83        15
          11       0.50      1.00      0.67         3
          13       0.80      0.52      0.63        23
          14       0.62      0.71      0.67         7
          16       0.83      1.00      0.91         5
          20       0.40      0.67      0.50         3
          21       0.60      1.00      0.75         3
          22       0.75      0.55      0.63        11
          23       0.00      0.00      0.00         3
          24       0.69      0.90      0.78        10
          25       0.54      0.70      0.61        10
          27       0.80      1.00      0.89         4
          30       1.00      1.00      1.00         2
          32       1.00      0.60      0.75         5
          33       0.60      0.43      0.50         7
          34       0.73      0.80      0.76        10
          35       0.54      0.54      0.54        13
          37       0.67      0.75      0.71         8
          39       0.66      0.65      0.66        75
          41       0.60      1.00      0.75         3
          42       0.50      0.80      0.62         5
          45       0.71      1.00      0.83         5
          48       0.65      0.88      0.75        17
          49       0.71      0.71      0.71        17
          52       0.70      0.58      0.64        12
          53       0.76      0.80      0.78        20
          55       1.00      1.00      1.00         3
          56       0.36      0.31      0.33        13
          57       0.86      0.67      0.75         9
          58       0.71      0.83      0.77         6
          60       1.00      1.00      1.00         3
          62       0.71      0.83      0.77         6
          63       0.25      1.00      0.40         2
          68       0.66      0.56      0.61        48
          69       0.67      0.25      0.36         8
          70       0.82      0.75      0.78        12
          71       0.00      0.00      0.00         2
          74       0.50      0.33      0.40         3
          76       0.50      0.33      0.40         3
          77       0.71      0.83      0.77         6
          78       1.00      1.00      1.00         3
          80       0.67      0.67      0.67         6
          81       0.83      0.71      0.77         7
          82       0.69      0.61      0.65        41
          83       0.92      0.60      0.73        20
          84       0.00      0.00      0.00         3
          85       0.80      0.80      0.80         5
          86       0.75      0.55      0.64        38
          87       0.33      0.50      0.40         2
          88       0.50      0.75      0.60         4
          89       0.33      0.50      0.40         2
          90       0.33      0.50      0.40         2

    accuracy                           0.66       592
   macro avg       0.62      0.69      0.63       592
weighted avg       0.68      0.66      0.66       592
