X train: (2364, 419), X test: (592, 419)

Seed: 19

Baseline model: XGBClassifier with n_estimators=100
Tree limit: 56

Accuracy: 0.7179054054054054

              precision    recall  f1-score   support

           1       0.89      0.80      0.84        10
           3       0.75      1.00      0.86         6
           5       0.50      1.00      0.67         2
           6       0.60      1.00      0.75         3
           7       0.62      1.00      0.77         5
           8       0.25      0.50      0.33         2
           9       0.71      0.91      0.80        11
          10       0.73      0.53      0.62        15
          11       0.67      0.67      0.67         3
          13       0.70      0.83      0.76        23
          14       0.58      1.00      0.74         7
          16       0.00      0.00      0.00         5
          20       1.00      0.33      0.50         3
          21       0.50      1.00      0.67         3
          22       0.83      0.45      0.59        11
          23       0.50      0.67      0.57         3
          24       0.86      0.60      0.71        10
          25       0.70      0.70      0.70        10
          27       0.60      0.75      0.67         4
          30       0.67      1.00      0.80         2
          32       0.60      0.60      0.60         5
          33       0.50      0.57      0.53         7
          34       0.67      0.80      0.73        10
          35       0.60      0.69      0.64        13
          37       0.29      0.25      0.27         8
          39       0.74      0.76      0.75        75
          41       0.67      0.67      0.67         3
          42       0.80      0.80      0.80         5
          45       1.00      0.80      0.89         5
          48       0.87      0.76      0.81        17
          49       0.80      0.71      0.75        17
          52       0.50      0.67      0.57        12
          53       0.85      0.85      0.85        20
          55       0.67      0.67      0.67         3
          56       0.71      0.38      0.50        13
          57       0.82      1.00      0.90         9
          58       0.33      0.17      0.22         6
          60       0.75      1.00      0.86         3
          62       1.00      0.50      0.67         6
          63       0.50      1.00      0.67         2
          68       0.75      0.79      0.77        48
          69       0.86      0.75      0.80         8
          70       0.70      0.58      0.64        12
          71       0.00      0.00      0.00         2
          74       0.67      0.67      0.67         3
          76       1.00      1.00      1.00         3
          77       0.60      0.50      0.55         6
          78       1.00      0.33      0.50         3
          80       0.62      0.83      0.71         6
          81       0.80      0.57      0.67         7
          82       0.86      0.73      0.79        41
          83       0.72      0.65      0.68        20
          84       0.33      0.33      0.33         3
          85       0.40      0.40      0.40         5
          86       0.87      0.87      0.87        38
          87       0.50      1.00      0.67         2
          88       1.00      0.75      0.86         4
          89       0.50      1.00      0.67         2
          90       1.00      1.00      1.00         2

    accuracy                           0.72       592
   macro avg       0.67      0.70      0.66       592
weighted avg       0.73      0.72      0.71       592
