X train: (2364, 419), X test: (592, 419)

Seed: 529

Baseline model: XGBClassifier with n_estimators=100
Tree limit: 51

Accuracy: 0.6891891891891891

              precision    recall  f1-score   support

           1       0.44      0.40      0.42        10
           3       0.42      0.83      0.56         6
           5       1.00      1.00      1.00         2
           6       0.67      0.67      0.67         3
           7       0.60      0.60      0.60         5
           8       0.00      0.00      0.00         2
           9       0.83      0.91      0.87        11
          10       0.62      0.67      0.65        15
          11       0.50      0.67      0.57         3
          13       0.72      0.57      0.63        23
          14       0.67      0.86      0.75         7
          16       0.80      0.80      0.80         5
          20       0.50      0.67      0.57         3
          21       0.00      0.00      0.00         3
          22       0.77      0.91      0.83        11
          23       0.75      1.00      0.86         3
          24       0.89      0.80      0.84        10
          25       0.57      0.80      0.67        10
          27       0.67      0.50      0.57         4
          30       0.67      1.00      0.80         2
          32       0.67      0.40      0.50         5
          33       0.67      0.86      0.75         7
          34       0.89      0.80      0.84        10
          35       0.73      0.85      0.79        13
          37       0.57      0.50      0.53         8
          39       0.65      0.71      0.68        75
          41       0.60      1.00      0.75         3
          42       0.67      0.80      0.73         5
          45       0.83      1.00      0.91         5
          48       0.56      0.59      0.57        17
          49       0.75      0.71      0.73        17
          52       0.69      0.75      0.72        12
          53       0.62      0.40      0.48        20
          55       1.00      1.00      1.00         3
          56       0.88      0.54      0.67        13
          57       0.78      0.78      0.78         9
          58       0.71      0.83      0.77         6
          60       0.75      1.00      0.86         3
          62       0.33      0.33      0.33         6
          63       1.00      0.50      0.67         2
          68       0.68      0.67      0.67        48
          69       1.00      0.50      0.67         8
          70       0.75      0.75      0.75        12
          71       0.33      0.50      0.40         2
          74       0.67      0.67      0.67         3
          76       1.00      1.00      1.00         3
          77       1.00      0.67      0.80         6
          78       1.00      0.67      0.80         3
          80       0.67      0.67      0.67         6
          81       0.71      0.71      0.71         7
          82       0.83      0.73      0.78        41
          83       0.78      0.70      0.74        20
          84       1.00      1.00      1.00         3
          85       0.75      0.60      0.67         5
          86       0.68      0.68      0.68        38
          87       0.67      1.00      0.80         2
          88       0.40      0.50      0.44         4
          89       0.50      0.50      0.50         2
          90       0.67      1.00      0.80         2

    accuracy                           0.69       592
   macro avg       0.69      0.70      0.68       592
weighted avg       0.70      0.69      0.69       592
