X train: (2364, 419), X test: (592, 419)

Seed: 213

Baseline model: XGBClassifier with n_estimators=100
Tree limit: 55

Accuracy: 0.668918918918919

              precision    recall  f1-score   support

           1       0.78      0.70      0.74        10
           3       0.75      1.00      0.86         6
           5       0.33      0.50      0.40         2
           6       0.75      1.00      0.86         3
           7       1.00      0.60      0.75         5
           8       0.00      0.00      0.00         2
           9       0.78      0.64      0.70        11
          10       0.60      0.60      0.60        15
          11       0.25      0.33      0.29         3
          13       0.58      0.65      0.61        23
          14       0.50      0.57      0.53         7
          16       0.43      0.60      0.50         5
          20       0.33      0.33      0.33         3
          21       0.33      0.33      0.33         3
          22       0.67      0.55      0.60        11
          23       0.40      0.67      0.50         3
          24       0.67      0.60      0.63        10
          25       0.80      0.80      0.80        10
          27       1.00      1.00      1.00         4
          30       1.00      1.00      1.00         2
          32       0.36      0.80      0.50         5
          33       0.67      0.57      0.62         7
          34       0.75      0.90      0.82        10
          35       0.67      0.46      0.55        13
          37       0.67      0.50      0.57         8
          39       0.66      0.68      0.67        75
          41       0.38      1.00      0.55         3
          42       1.00      0.60      0.75         5
          45       0.71      1.00      0.83         5
          48       0.77      0.59      0.67        17
          49       0.88      0.82      0.85        17
          52       0.62      0.42      0.50        12
          53       0.69      0.55      0.61        20
          55       1.00      0.67      0.80         3
          56       0.67      0.92      0.77        13
          57       1.00      0.78      0.88         9
          58       0.67      0.67      0.67         6
          60       0.75      1.00      0.86         3
          62       0.56      0.83      0.67         6
          63       0.00      0.00      0.00         2
          68       0.73      0.67      0.70        48
          69       0.86      0.75      0.80         8
          70       0.58      0.58      0.58        12
          71       1.00      1.00      1.00         2
          74       0.50      0.33      0.40         3
          76       0.50      0.33      0.40         3
          77       0.71      0.83      0.77         6
          78       0.75      1.00      0.86         3
          80       0.80      0.67      0.73         6
          81       0.75      0.86      0.80         7
          82       0.71      0.78      0.74        41
          83       0.76      0.65      0.70        20
          84       1.00      0.33      0.50         3
          85       0.75      0.60      0.67         5
          86       0.74      0.53      0.62        38
          87       0.67      1.00      0.80         2
          88       0.60      0.75      0.67         4
          89       0.50      1.00      0.67         2
          90       0.67      1.00      0.80         2

    accuracy                           0.67       592
   macro avg       0.66      0.68      0.65       592
weighted avg       0.69      0.67      0.67       592
