X train: (2364, 419), X test: (592, 419)

Seed: 927

Baseline model: XGBClassifier with n_estimators=100
Tree limit: 53

Accuracy: 0.7195945945945946

              precision    recall  f1-score   support

           1       0.70      0.70      0.70        10
           3       0.67      0.33      0.44         6
           5       0.33      0.50      0.40         2
           6       0.50      0.67      0.57         3
           7       0.67      0.80      0.73         5
           8       1.00      1.00      1.00         2
           9       0.70      0.64      0.67        11
          10       0.61      0.73      0.67        15
          11       0.67      0.67      0.67         3
          13       0.75      0.78      0.77        23
          14       0.80      0.57      0.67         7
          16       0.71      1.00      0.83         5
          20       0.75      1.00      0.86         3
          21       0.60      1.00      0.75         3
          22       1.00      0.91      0.95        11
          23       0.50      1.00      0.67         3
          24       0.91      1.00      0.95        10
          25       0.71      0.50      0.59        10
          27       0.57      1.00      0.73         4
          30       0.50      1.00      0.67         2
          32       0.40      0.40      0.40         5
          33       0.55      0.86      0.67         7
          34       0.82      0.90      0.86        10
          35       0.64      0.69      0.67        13
          37       0.38      0.62      0.48         8
          39       0.78      0.69      0.73        75
          41       0.00      0.00      0.00         3
          42       1.00      1.00      1.00         5
          45       0.67      0.80      0.73         5
          48       0.82      0.53      0.64        17
          49       0.82      0.82      0.82        17
          52       0.73      0.67      0.70        12
          53       0.89      0.40      0.55        20
          55       0.38      1.00      0.55         3
          56       0.72      1.00      0.84        13
          57       0.38      0.33      0.35         9
          58       0.86      1.00      0.92         6
          60       0.75      1.00      0.86         3
          62       0.75      1.00      0.86         6
          63       1.00      0.50      0.67         2
          68       0.76      0.71      0.73        48
          69       1.00      0.75      0.86         8
          70       0.71      0.83      0.77        12
          71       0.50      1.00      0.67         2
          74       1.00      0.33      0.50         3
          76       0.75      1.00      0.86         3
          77       0.60      0.50      0.55         6
          78       1.00      1.00      1.00         3
          80       0.80      0.67      0.73         6
          81       1.00      1.00      1.00         7
          82       0.74      0.76      0.75        41
          83       0.67      0.50      0.57        20
          84       0.75      1.00      0.86         3
          85       0.57      0.80      0.67         5
          86       0.79      0.71      0.75        38
          87       0.00      0.00      0.00         2
          88       0.50      0.75      0.60         4
          89       0.67      1.00      0.80         2
          90       0.67      1.00      0.80         2

    accuracy                           0.72       592
   macro avg       0.69      0.75      0.69       592
weighted avg       0.73      0.72      0.71       592
