X train: (2364, 419), X test: (592, 419)

Seed: 502

Baseline model: XGBClassifier with n_estimators=100
Tree limit: 32

Accuracy: 0.6587837837837838

              precision    recall  f1-score   support

           1       0.64      0.70      0.67        10
           3       0.71      0.83      0.77         6
           5       1.00      0.50      0.67         2
           6       0.75      1.00      0.86         3
           7       1.00      0.80      0.89         5
           8       0.00      0.00      0.00         2
           9       0.54      0.64      0.58        11
          10       0.53      0.53      0.53        15
          11       0.50      0.67      0.57         3
          13       0.62      0.57      0.59        23
          14       0.70      1.00      0.82         7
          16       1.00      0.60      0.75         5
          20       0.75      1.00      0.86         3
          21       0.60      1.00      0.75         3
          22       0.67      0.73      0.70        11
          23       0.67      0.67      0.67         3
          24       0.82      0.90      0.86        10
          25       0.70      0.70      0.70        10
          27       0.50      0.50      0.50         4
          30       0.67      1.00      0.80         2
          32       1.00      1.00      1.00         5
          33       1.00      0.43      0.60         7
          34       0.73      0.80      0.76        10
          35       0.83      0.77      0.80        13
          37       0.80      1.00      0.89         8
          39       0.61      0.61      0.61        75
          41       0.67      0.67      0.67         3
          42       0.67      0.80      0.73         5
          45       1.00      0.80      0.89         5
          48       0.68      0.88      0.77        17
          49       0.56      0.53      0.55        17
          52       0.78      0.58      0.67        12
          53       0.82      0.45      0.58        20
          55       0.40      0.67      0.50         3
          56       0.56      0.77      0.65        13
          57       0.71      0.56      0.63         9
          58       0.71      0.83      0.77         6
          60       0.33      0.67      0.44         3
          62       0.44      0.67      0.53         6
          63       0.33      0.50      0.40         2
          68       0.76      0.71      0.73        48
          69       1.00      0.88      0.93         8
          70       0.55      0.50      0.52        12
          71       0.50      0.50      0.50         2
          74       1.00      0.67      0.80         3
          76       0.60      1.00      0.75         3
          77       0.50      0.50      0.50         6
          78       0.50      0.33      0.40         3
          80       0.71      0.83      0.77         6
          81       0.29      0.29      0.29         7
          82       0.64      0.61      0.62        41
          83       0.62      0.65      0.63        20
          84       0.00      0.00      0.00         3
          85       0.62      1.00      0.77         5
          86       0.76      0.50      0.60        38
          87       0.50      1.00      0.67         2
          88       0.50      1.00      0.67         4
          89       1.00      0.50      0.67         2
          90       0.50      1.00      0.67         2

    accuracy                           0.66       592
   macro avg       0.65      0.69      0.65       592
weighted avg       0.67      0.66      0.65       592
