X train: (2364, 419), X test: (592, 419)

Seed: 755

Baseline model: XGBClassifier with n_estimators=100
Tree limit: 52

Accuracy: 0.6739864864864865

              precision    recall  f1-score   support

           1       0.64      0.90      0.75        10
           3       0.43      0.50      0.46         6
           5       1.00      1.00      1.00         2
           6       1.00      1.00      1.00         3
           7       0.80      0.80      0.80         5
           8       0.00      0.00      0.00         2
           9       0.90      0.82      0.86        11
          10       0.75      0.60      0.67        15
          11       0.25      0.33      0.29         3
          13       0.62      0.57      0.59        23
          14       0.67      0.86      0.75         7
          16       1.00      0.80      0.89         5
          20       0.33      0.33      0.33         3
          21       1.00      0.67      0.80         3
          22       0.83      0.45      0.59        11
          23       0.50      1.00      0.67         3
          24       0.46      0.60      0.52        10
          25       0.75      0.60      0.67        10
          27       0.67      1.00      0.80         4
          30       0.50      1.00      0.67         2
          32       0.30      0.60      0.40         5
          33       0.25      0.29      0.27         7
          34       1.00      0.60      0.75        10
          35       0.82      0.69      0.75        13
          37       0.50      0.38      0.43         8
          39       0.68      0.68      0.68        75
          41       1.00      0.33      0.50         3
          42       0.71      1.00      0.83         5
          45       0.80      0.80      0.80         5
          48       0.67      0.59      0.62        17
          49       0.75      0.53      0.62        17
          52       0.71      0.83      0.77        12
          53       0.68      0.65      0.67        20
          55       1.00      0.33      0.50         3
          56       0.71      0.77      0.74        13
          57       0.89      0.89      0.89         9
          58       0.86      1.00      0.92         6
          60       0.75      1.00      0.86         3
          62       0.43      0.50      0.46         6
          63       0.20      0.50      0.29         2
          68       0.61      0.77      0.68        48
          69       0.62      0.62      0.62         8
          70       0.80      0.67      0.73        12
          71       0.50      0.50      0.50         2
          74       1.00      0.33      0.50         3
          76       0.75      1.00      0.86         3
          77       0.75      1.00      0.86         6
          78       1.00      1.00      1.00         3
          80       1.00      0.50      0.67         6
          81       0.86      0.86      0.86         7
          82       0.82      0.80      0.81        41
          83       0.81      0.65      0.72        20
          84       0.29      0.67      0.40         3
          85       0.67      0.80      0.73         5
          86       0.68      0.50      0.58        38
          87       0.00      0.00      0.00         2
          88       0.33      0.50      0.40         4
          89       1.00      0.50      0.67         2
          90       1.00      1.00      1.00         2

    accuracy                           0.67       592
   macro avg       0.68      0.67      0.65       592
weighted avg       0.70      0.67      0.68       592
