X train: (2364, 419), X test: (592, 419)

Seed: 561

Baseline model: XGBClassifier with n_estimators=100
Tree limit: 42

Accuracy: 0.6638513513513513

              precision    recall  f1-score   support

           1       0.64      0.90      0.75        10
           3       1.00      0.83      0.91         6
           5       0.50      1.00      0.67         2
           6       0.67      0.67      0.67         3
           7       0.50      0.80      0.62         5
           8       0.33      0.50      0.40         2
           9       0.91      0.91      0.91        11
          10       0.61      0.73      0.67        15
          11       0.50      0.33      0.40         3
          13       0.67      0.35      0.46        23
          14       0.86      0.86      0.86         7
          16       0.80      0.80      0.80         5
          20       0.50      0.67      0.57         3
          21       0.50      0.33      0.40         3
          22       0.82      0.82      0.82        11
          23       0.40      0.67      0.50         3
          24       0.70      0.70      0.70        10
          25       0.73      0.80      0.76        10
          27       1.00      0.25      0.40         4
          30       1.00      1.00      1.00         2
          32       0.50      0.60      0.55         5
          33       0.55      0.86      0.67         7
          34       0.82      0.90      0.86        10
          35       0.82      0.69      0.75        13
          37       0.40      0.50      0.44         8
          39       0.60      0.75      0.66        75
          41       0.67      0.67      0.67         3
          42       0.38      0.60      0.46         5
          45       0.62      1.00      0.77         5
          48       0.73      0.65      0.69        17
          49       0.71      0.88      0.79        17
          52       0.55      0.50      0.52        12
          53       0.80      0.40      0.53        20
          55       0.25      0.33      0.29         3
          56       0.71      0.77      0.74        13
          57       0.80      0.89      0.84         9
          58       0.75      0.50      0.60         6
          60       0.50      0.67      0.57         3
          62       1.00      0.67      0.80         6
          63       0.33      0.50      0.40         2
          68       0.71      0.62      0.67        48
          69       0.62      0.62      0.62         8
          70       0.75      0.25      0.38        12
          71       0.50      1.00      0.67         2
          74       1.00      1.00      1.00         3
          76       0.75      1.00      0.86         3
          77       0.83      0.83      0.83         6
          78       0.67      0.67      0.67         3
          80       0.67      0.33      0.44         6
          81       0.78      1.00      0.88         7
          82       0.66      0.56      0.61        41
          83       0.65      0.65      0.65        20
          84       0.40      0.67      0.50         3
          85       1.00      0.60      0.75         5
          86       0.76      0.68      0.72        38
          87       0.67      1.00      0.80         2
          88       0.25      0.25      0.25         4
          89       0.00      0.00      0.00         2
          90       0.00      0.00      0.00         2

    accuracy                           0.66       592
   macro avg       0.64      0.66      0.63       592
weighted avg       0.68      0.66      0.66       592
