X train: (2364, 419), X test: (592, 419)

Seed: 349

Baseline model: XGBClassifier with n_estimators=100
Tree limit: 57

Accuracy: 0.7331081081081081

              precision    recall  f1-score   support

           1       0.57      0.80      0.67        10
           3       1.00      0.67      0.80         6
           5       0.50      1.00      0.67         2
           6       0.67      0.67      0.67         3
           7       0.60      0.60      0.60         5
           8       0.00      0.00      0.00         2
           9       0.79      1.00      0.88        11
          10       0.83      0.67      0.74        15
          11       1.00      1.00      1.00         3
          13       0.72      0.78      0.75        23
          14       0.44      0.57      0.50         7
          16       0.62      1.00      0.77         5
          20       0.67      0.67      0.67         3
          21       0.60      1.00      0.75         3
          22       0.58      0.64      0.61        11
          23       0.60      1.00      0.75         3
          24       0.90      0.90      0.90        10
          25       0.69      0.90      0.78        10
          27       0.80      1.00      0.89         4
          30       1.00      0.50      0.67         2
          32       0.57      0.80      0.67         5
          33       0.80      0.57      0.67         7
          34       0.64      0.90      0.75        10
          35       0.73      0.85      0.79        13
          37       1.00      0.62      0.77         8
          39       0.77      0.71      0.74        75
          41       0.50      0.67      0.57         3
          42       0.62      1.00      0.77         5
          45       0.75      0.60      0.67         5
          48       0.68      0.76      0.72        17
          49       0.82      0.82      0.82        17
          52       0.71      0.83      0.77        12
          53       0.80      0.40      0.53        20
          55       0.40      0.67      0.50         3
          56       0.85      0.85      0.85        13
          57       0.88      0.78      0.82         9
          58       0.83      0.83      0.83         6
          60       0.60      1.00      0.75         3
          62       1.00      0.50      0.67         6
          63       0.50      1.00      0.67         2
          68       0.74      0.60      0.67        48
          69       0.78      0.88      0.82         8
          70       0.73      0.67      0.70        12
          71       1.00      0.50      0.67         2
          74       0.33      0.67      0.44         3
          76       1.00      0.67      0.80         3
          77       0.71      0.83      0.77         6
          78       1.00      0.33      0.50         3
          80       0.83      0.83      0.83         6
          81       0.78      1.00      0.88         7
          82       0.80      0.80      0.80        41
          83       0.75      0.60      0.67        20
          84       0.60      1.00      0.75         3
          85       0.83      1.00      0.91         5
          86       0.74      0.61      0.67        38
          87       1.00      0.50      0.67         2
          88       0.80      1.00      0.89         4
          89       1.00      1.00      1.00         2
          90       1.00      1.00      1.00         2

    accuracy                           0.73       592
   macro avg       0.74      0.76      0.73       592
weighted avg       0.75      0.73      0.73       592
