X train: (2364, 419), X test: (592, 419)

Seed: 197

Baseline model: XGBClassifier with n_estimators=100
Tree limit: 57

Accuracy: 0.7043918918918919

              precision    recall  f1-score   support

           1       0.80      0.80      0.80        10
           3       0.71      0.83      0.77         6
           5       1.00      1.00      1.00         2
           6       1.00      0.67      0.80         3
           7       0.67      0.80      0.73         5
           8       0.00      0.00      0.00         2
           9       0.71      0.91      0.80        11
          10       0.87      0.87      0.87        15
          11       0.50      1.00      0.67         3
          13       0.74      0.61      0.67        23
          14       0.50      0.57      0.53         7
          16       0.80      0.80      0.80         5
          20       0.50      0.33      0.40         3
          21       1.00      0.67      0.80         3
          22       0.83      0.91      0.87        11
          23       0.40      0.67      0.50         3
          24       0.78      0.70      0.74        10
          25       0.64      0.70      0.67        10
          27       0.80      1.00      0.89         4
          30       0.00      0.00      0.00         2
          32       0.80      0.80      0.80         5
          33       0.62      0.71      0.67         7
          34       0.82      0.90      0.86        10
          35       0.86      0.46      0.60        13
          37       0.70      0.88      0.78         8
          39       0.71      0.71      0.71        75
          41       0.67      0.67      0.67         3
          42       0.45      1.00      0.62         5
          45       0.80      0.80      0.80         5
          48       0.64      0.53      0.58        17
          49       0.79      0.65      0.71        17
          52       0.82      0.75      0.78        12
          53       0.60      0.60      0.60        20
          55       0.75      1.00      0.86         3
          56       0.92      0.85      0.88        13
          57       0.67      0.89      0.76         9
          58       0.80      0.67      0.73         6
          60       0.60      1.00      0.75         3
          62       0.38      0.50      0.43         6
          63       0.33      0.50      0.40         2
          68       0.69      0.77      0.73        48
          69       0.78      0.88      0.82         8
          70       0.86      0.50      0.63        12
          71       0.67      1.00      0.80         2
          74       0.20      0.33      0.25         3
          76       0.67      0.67      0.67         3
          77       0.56      0.83      0.67         6
          78       0.00      0.00      0.00         3
          80       0.83      0.83      0.83         6
          81       0.78      1.00      0.88         7
          82       0.73      0.66      0.69        41
          83       0.79      0.55      0.65        20
          84       0.00      0.00      0.00         3
          85       1.00      0.60      0.75         5
          86       0.79      0.61      0.69        38
          87       0.40      1.00      0.57         2
          88       0.80      1.00      0.89         4
          89       0.50      1.00      0.67         2
          90       0.67      1.00      0.80         2

    accuracy                           0.70       592
   macro avg       0.66      0.71      0.67       592
weighted avg       0.72      0.70      0.70       592
