X train: (2364, 419), X test: (592, 419)

Seed: 495

Baseline model: XGBClassifier with n_estimators=100
Tree limit: 77

Accuracy: 0.6925675675675675

              precision    recall  f1-score   support

           1       0.62      0.80      0.70        10
           3       0.71      0.83      0.77         6
           5       0.29      1.00      0.44         2
           6       0.60      1.00      0.75         3
           7       1.00      0.80      0.89         5
           8       0.00      0.00      0.00         2
           9       1.00      0.73      0.84        11
          10       0.56      0.60      0.58        15
          11       0.50      0.33      0.40         3
          13       0.70      0.61      0.65        23
          14       0.71      0.71      0.71         7
          16       0.40      0.40      0.40         5
          20       1.00      0.33      0.50         3
          21       0.75      1.00      0.86         3
          22       1.00      0.73      0.84        11
          23       1.00      0.67      0.80         3
          24       0.78      0.70      0.74        10
          25       0.91      1.00      0.95        10
          27       0.43      0.75      0.55         4
          30       0.67      1.00      0.80         2
          32       0.80      0.80      0.80         5
          33       0.44      0.57      0.50         7
          34       0.73      0.80      0.76        10
          35       0.64      0.54      0.58        13
          37       0.70      0.88      0.78         8
          39       0.70      0.75      0.72        75
          41       0.00      0.00      0.00         3
          42       0.60      0.60      0.60         5
          45       0.62      1.00      0.77         5
          48       0.59      0.59      0.59        17
          49       0.77      0.59      0.67        17
          52       0.79      0.92      0.85        12
          53       0.87      0.65      0.74        20
          55       0.67      0.67      0.67         3
          56       0.91      0.77      0.83        13
          57       0.89      0.89      0.89         9
          58       0.45      0.83      0.59         6
          60       0.60      1.00      0.75         3
          62       0.42      0.83      0.56         6
          63       0.33      0.50      0.40         2
          68       0.76      0.67      0.71        48
          69       0.62      1.00      0.76         8
          70       0.71      0.42      0.53        12
          71       0.20      0.50      0.29         2
          74       0.00      0.00      0.00         3
          76       1.00      1.00      1.00         3
          77       0.86      1.00      0.92         6
          78       0.50      1.00      0.67         3
          80       1.00      1.00      1.00         6
          81       0.75      0.86      0.80         7
          82       0.71      0.59      0.64        41
          83       0.80      0.60      0.69        20
          84       0.50      0.67      0.57         3
          85       0.50      0.60      0.55         5
          86       0.76      0.58      0.66        38
          87       0.50      0.50      0.50         2
          88       0.60      0.75      0.67         4
          89       0.50      1.00      0.67         2
          90       1.00      1.00      1.00         2

    accuracy                           0.69       592
   macro avg       0.65      0.71      0.66       592
weighted avg       0.71      0.69      0.69       592
