X train: (2364, 419), X test: (592, 419)

Seed: 550

Baseline model: XGBClassifier with n_estimators=100
Tree limit: 51

Accuracy: 0.6807432432432432

              precision    recall  f1-score   support

           1       0.67      0.80      0.73        10
           3       1.00      0.83      0.91         6
           5       1.00      1.00      1.00         2
           6       0.50      0.67      0.57         3
           7       0.67      0.80      0.73         5
           8       0.25      0.50      0.33         2
           9       0.75      0.82      0.78        11
          10       0.44      0.27      0.33        15
          11       1.00      1.00      1.00         3
          13       0.57      0.57      0.57        23
          14       0.50      0.29      0.36         7
          16       1.00      0.80      0.89         5
          20       1.00      1.00      1.00         3
          21       1.00      0.67      0.80         3
          22       0.73      0.73      0.73        11
          23       0.60      1.00      0.75         3
          24       0.60      0.60      0.60        10
          25       1.00      0.90      0.95        10
          27       0.25      0.25      0.25         4
          30       0.40      1.00      0.57         2
          32       0.67      0.80      0.73         5
          33       0.56      0.71      0.63         7
          34       0.62      1.00      0.77        10
          35       0.69      0.69      0.69        13
          37       0.58      0.88      0.70         8
          39       0.75      0.69      0.72        75
          41       0.67      0.67      0.67         3
          42       0.75      0.60      0.67         5
          45       0.80      0.80      0.80         5
          48       0.55      0.65      0.59        17
          49       0.60      0.71      0.65        17
          52       0.57      0.67      0.62        12
          53       0.62      0.50      0.56        20
          55       1.00      0.67      0.80         3
          56       0.64      0.69      0.67        13
          57       0.83      0.56      0.67         9
          58       0.71      0.83      0.77         6
          60       0.67      0.67      0.67         3
          62       0.33      0.33      0.33         6
          63       0.25      0.50      0.33         2
          68       0.77      0.77      0.77        48
          69       0.64      0.88      0.74         8
          70       0.53      0.67      0.59        12
          71       0.50      0.50      0.50         2
          74       0.75      1.00      0.86         3
          76       1.00      1.00      1.00         3
          77       1.00      0.33      0.50         6
          78       0.67      0.67      0.67         3
          80       0.86      1.00      0.92         6
          81       0.60      0.86      0.71         7
          82       0.74      0.68      0.71        41
          83       0.75      0.60      0.67        20
          84       0.60      1.00      0.75         3
          85       0.60      0.60      0.60         5
          86       0.73      0.58      0.65        38
          87       0.00      0.00      0.00         2
          88       0.75      0.75      0.75         4
          89       1.00      0.50      0.67         2
          90       1.00      1.00      1.00         2

    accuracy                           0.68       592
   macro avg       0.68      0.70      0.68       592
weighted avg       0.69      0.68      0.68       592
