X train: (2364, 419), X test: (592, 419)

Seed: 471

Baseline model: XGBClassifier with n_estimators=100
Tree limit: 56

Accuracy: 0.714527027027027

              precision    recall  f1-score   support

           1       0.70      0.70      0.70        10
           3       0.80      0.67      0.73         6
           5       0.50      0.50      0.50         2
           6       0.60      1.00      0.75         3
           7       0.75      0.60      0.67         5
           8       0.40      1.00      0.57         2
           9       1.00      1.00      1.00        11
          10       0.89      0.53      0.67        15
          11       0.50      0.67      0.57         3
          13       0.68      0.65      0.67        23
          14       1.00      0.71      0.83         7
          16       1.00      0.80      0.89         5
          20       1.00      0.67      0.80         3
          21       0.67      0.67      0.67         3
          22       0.58      0.64      0.61        11
          23       0.60      1.00      0.75         3
          24       0.73      0.80      0.76        10
          25       0.78      0.70      0.74        10
          27       0.80      1.00      0.89         4
          30       0.67      1.00      0.80         2
          32       0.60      0.60      0.60         5
          33       0.88      1.00      0.93         7
          34       0.73      0.80      0.76        10
          35       0.62      0.77      0.69        13
          37       0.31      0.50      0.38         8
          39       0.69      0.79      0.74        75
          41       0.33      0.33      0.33         3
          42       0.60      0.60      0.60         5
          45       0.83      1.00      0.91         5
          48       0.81      0.76      0.79        17
          49       0.82      0.82      0.82        17
          52       0.78      0.58      0.67        12
          53       0.52      0.65      0.58        20
          55       0.60      1.00      0.75         3
          56       0.90      0.69      0.78        13
          57       0.78      0.78      0.78         9
          58       0.86      1.00      0.92         6
          60       0.75      1.00      0.86         3
          62       0.60      0.50      0.55         6
          63       1.00      0.50      0.67         2
          68       0.77      0.71      0.74        48
          69       0.56      0.62      0.59         8
          70       0.70      0.58      0.64        12
          71       0.40      1.00      0.57         2
          74       0.75      1.00      0.86         3
          76       0.50      0.33      0.40         3
          77       0.83      0.83      0.83         6
          78       1.00      0.33      0.50         3
          80       0.50      0.33      0.40         6
          81       0.78      1.00      0.88         7
          82       0.86      0.73      0.79        41
          83       0.72      0.65      0.68        20
          84       1.00      0.67      0.80         3
          85       0.80      0.80      0.80         5
          86       0.73      0.58      0.65        38
          87       0.50      0.50      0.50         2
          88       1.00      0.50      0.67         4
          89       0.25      0.50      0.33         2
          90       0.50      1.00      0.67         2

    accuracy                           0.71       592
   macro avg       0.71      0.72      0.69       592
weighted avg       0.74      0.71      0.72       592
