X train: (2364, 419), X test: (592, 419)

Seed: 752

Baseline model: XGBClassifier with n_estimators=100
Tree limit: 53

Accuracy: 0.7212837837837838

              precision    recall  f1-score   support

           1       0.75      0.60      0.67        10
           3       0.75      1.00      0.86         6
           5       0.33      0.50      0.40         2
           6       0.50      1.00      0.67         3
           7       1.00      1.00      1.00         5
           8       0.00      0.00      0.00         2
           9       0.67      0.73      0.70        11
          10       0.69      0.60      0.64        15
          11       0.40      0.67      0.50         3
          13       0.65      0.65      0.65        23
          14       0.75      0.86      0.80         7
          16       0.38      0.60      0.46         5
          20       0.50      0.67      0.57         3
          21       0.50      1.00      0.67         3
          22       0.89      0.73      0.80        11
          23       0.20      0.33      0.25         3
          24       0.89      0.80      0.84        10
          25       0.89      0.80      0.84        10
          27       0.50      0.50      0.50         4
          30       0.67      1.00      0.80         2
          32       0.80      0.80      0.80         5
          33       0.67      0.57      0.62         7
          34       0.64      0.90      0.75        10
          35       0.91      0.77      0.83        13
          37       0.80      0.50      0.62         8
          39       0.74      0.75      0.74        75
          41       0.20      0.33      0.25         3
          42       1.00      0.80      0.89         5
          45       0.75      0.60      0.67         5
          48       0.64      0.82      0.72        17
          49       0.52      0.71      0.60        17
          52       0.55      0.50      0.52        12
          53       0.80      0.80      0.80        20
          55       1.00      1.00      1.00         3
          56       0.77      0.77      0.77        13
          57       1.00      1.00      1.00         9
          58       1.00      0.33      0.50         6
          60       1.00      0.67      0.80         3
          62       0.75      1.00      0.86         6
          63       0.67      1.00      0.80         2
          68       0.84      0.75      0.79        48
          69       0.67      0.75      0.71         8
          70       0.85      0.92      0.88        12
          71       0.00      0.00      0.00         2
          74       1.00      0.67      0.80         3
          76       0.67      0.67      0.67         3
          77       0.71      0.83      0.77         6
          78       0.75      1.00      0.86         3
          80       0.71      0.83      0.77         6
          81       0.88      1.00      0.93         7
          82       0.78      0.68      0.73        41
          83       0.75      0.75      0.75        20
          84       1.00      0.33      0.50         3
          85       0.83      1.00      0.91         5
          86       0.73      0.58      0.65        38
          87       0.67      1.00      0.80         2
          88       0.67      0.50      0.57         4
          89       0.00      0.00      0.00         2
          90       0.00      0.00      0.00         2

    accuracy                           0.72       592
   macro avg       0.67      0.69      0.66       592
weighted avg       0.74      0.72      0.72       592
