X train: (2364, 419), X test: (592, 419)

Seed: 646

Baseline model: XGBClassifier with n_estimators=100
Tree limit: 55

Accuracy: 0.7246621621621622

              precision    recall  f1-score   support

           1       0.58      0.70      0.64        10
           3       0.56      0.83      0.67         6
           5       1.00      1.00      1.00         2
           6       0.50      0.33      0.40         3
           7       1.00      1.00      1.00         5
           8       0.50      0.50      0.50         2
           9       0.89      0.73      0.80        11
          10       0.62      0.53      0.57        15
          11       0.43      1.00      0.60         3
          13       0.70      0.61      0.65        23
          14       0.88      1.00      0.93         7
          16       0.80      0.80      0.80         5
          20       0.50      0.33      0.40         3
          21       0.60      1.00      0.75         3
          22       0.83      0.91      0.87        11
          23       0.50      0.67      0.57         3
          24       0.86      0.60      0.71        10
          25       0.90      0.90      0.90        10
          27       0.43      0.75      0.55         4
          30       1.00      1.00      1.00         2
          32       0.33      0.20      0.25         5
          33       0.75      0.43      0.55         7
          34       0.90      0.90      0.90        10
          35       0.71      0.77      0.74        13
          37       0.60      0.75      0.67         8
          39       0.77      0.76      0.77        75
          41       0.00      0.00      0.00         3
          42       0.60      0.60      0.60         5
          45       0.75      0.60      0.67         5
          48       0.69      0.53      0.60        17
          49       0.91      0.59      0.71        17
          52       0.83      0.83      0.83        12
          53       0.83      0.75      0.79        20
          55       0.75      1.00      0.86         3
          56       0.91      0.77      0.83        13
          57       1.00      0.67      0.80         9
          58       0.50      0.83      0.62         6
          60       0.75      1.00      0.86         3
          62       1.00      0.67      0.80         6
          63       1.00      1.00      1.00         2
          68       0.70      0.65      0.67        48
          69       0.60      0.75      0.67         8
          70       0.50      0.58      0.54        12
          71       0.00      0.00      0.00         2
          74       1.00      0.67      0.80         3
          76       0.75      1.00      0.86         3
          77       0.40      0.33      0.36         6
          78       0.60      1.00      0.75         3
          80       0.86      1.00      0.92         6
          81       0.86      0.86      0.86         7
          82       0.76      0.90      0.82        41
          83       0.83      0.75      0.79        20
          84       0.43      1.00      0.60         3
          85       1.00      0.60      0.75         5
          86       0.69      0.71      0.70        38
          87       0.20      0.50      0.29         2
          88       0.67      1.00      0.80         4
          89       1.00      0.50      0.67         2
          90       1.00      1.00      1.00         2

    accuracy                           0.72       592
   macro avg       0.70      0.72      0.69       592
weighted avg       0.74      0.72      0.72       592
