X train: (2364, 419), X test: (592, 419)

Seed: 527

Baseline model: XGBClassifier with n_estimators=100
Tree limit: 47

Accuracy: 0.706081081081081

              precision    recall  f1-score   support

           1       0.70      0.70      0.70        10
           3       0.62      0.83      0.71         6
           5       0.50      0.50      0.50         2
           6       0.43      1.00      0.60         3
           7       0.57      0.80      0.67         5
           8       0.14      0.50      0.22         2
           9       0.83      0.91      0.87        11
          10       0.44      0.47      0.45        15
          11       0.75      1.00      0.86         3
          13       0.68      0.57      0.62        23
          14       0.70      1.00      0.82         7
          16       0.38      0.60      0.46         5
          20       0.67      0.67      0.67         3
          21       0.75      1.00      0.86         3
          22       0.71      0.45      0.56        11
          23       0.67      0.67      0.67         3
          24       0.78      0.70      0.74        10
          25       0.88      0.70      0.78        10
          27       0.75      0.75      0.75         4
          30       0.67      1.00      0.80         2
          32       0.83      1.00      0.91         5
          33       0.67      0.86      0.75         7
          34       0.80      0.80      0.80        10
          35       0.90      0.69      0.78        13
          37       0.56      0.62      0.59         8
          39       0.73      0.76      0.75        75
          41       0.50      0.33      0.40         3
          42       0.67      0.80      0.73         5
          45       0.83      1.00      0.91         5
          48       0.73      0.65      0.69        17
          49       0.67      0.47      0.55        17
          52       0.77      0.83      0.80        12
          53       0.53      0.45      0.49        20
          55       1.00      1.00      1.00         3
          56       0.79      0.85      0.81        13
          57       0.78      0.78      0.78         9
          58       0.83      0.83      0.83         6
          60       1.00      1.00      1.00         3
          62       1.00      1.00      1.00         6
          63       0.50      0.50      0.50         2
          68       0.69      0.65      0.67        48
          69       0.57      0.50      0.53         8
          70       0.78      0.58      0.67        12
          71       1.00      0.50      0.67         2
          74       0.60      1.00      0.75         3
          76       1.00      1.00      1.00         3
          77       0.86      1.00      0.92         6
          78       0.60      1.00      0.75         3
          80       0.62      0.83      0.71         6
          81       0.75      0.86      0.80         7
          82       0.73      0.66      0.69        41
          83       0.89      0.80      0.84        20
          84       0.17      0.33      0.22         3
          85       1.00      0.40      0.57         5
          86       0.88      0.74      0.80        38
          87       1.00      1.00      1.00         2
          88       0.33      0.50      0.40         4
          89       0.50      0.50      0.50         2
          90       0.50      0.50      0.50         2

    accuracy                           0.71       592
   macro avg       0.70      0.74      0.70       592
weighted avg       0.72      0.71      0.71       592
