X train: (2364, 419), X test: (592, 419)

Seed: 120

Baseline model: XGBClassifier with n_estimators=100
Tree limit: 52

Accuracy: 0.706081081081081

              precision    recall  f1-score   support

           1       0.88      0.70      0.78        10
           3       0.56      0.83      0.67         6
           5       0.67      1.00      0.80         2
           6       0.50      0.67      0.57         3
           7       0.60      0.60      0.60         5
           8       0.00      0.00      0.00         2
           9       0.71      0.91      0.80        11
          10       0.75      0.60      0.67        15
          11       0.75      1.00      0.86         3
          13       0.81      0.74      0.77        23
          14       0.75      0.86      0.80         7
          16       0.50      0.40      0.44         5
          20       0.50      0.67      0.57         3
          21       0.75      1.00      0.86         3
          22       0.67      0.55      0.60        11
          23       0.50      1.00      0.67         3
          24       0.78      0.70      0.74        10
          25       0.67      0.80      0.73        10
          27       1.00      0.25      0.40         4
          30       0.20      0.50      0.29         2
          32       0.50      0.40      0.44         5
          33       0.43      0.43      0.43         7
          34       0.89      0.80      0.84        10
          35       0.80      0.62      0.70        13
          37       0.70      0.88      0.78         8
          39       0.62      0.65      0.64        75
          41       0.25      0.67      0.36         3
          42       0.71      1.00      0.83         5
          45       0.57      0.80      0.67         5
          48       0.79      0.65      0.71        17
          49       0.73      0.65      0.69        17
          52       0.58      0.58      0.58        12
          53       0.83      0.50      0.62        20
          55       0.38      1.00      0.55         3
          56       0.90      0.69      0.78        13
          57       0.88      0.78      0.82         9
          58       1.00      1.00      1.00         6
          60       0.50      0.67      0.57         3
          62       1.00      0.67      0.80         6
          63       1.00      0.50      0.67         2
          68       0.72      0.79      0.75        48
          69       0.57      1.00      0.73         8
          70       0.73      0.92      0.81        12
          71       1.00      0.50      0.67         2
          74       0.00      0.00      0.00         3
          76       0.75      1.00      0.86         3
          77       1.00      0.50      0.67         6
          78       1.00      1.00      1.00         3
          80       0.50      0.67      0.57         6
          81       0.86      0.86      0.86         7
          82       0.83      0.73      0.78        41
          83       0.92      0.60      0.73        20
          84       0.60      1.00      0.75         3
          85       0.67      0.40      0.50         5
          86       0.88      0.76      0.82        38
          87       0.50      1.00      0.67         2
          88       0.67      1.00      0.80         4
          89       0.50      0.50      0.50         2
          90       0.67      1.00      0.80         2

    accuracy                           0.71       592
   macro avg       0.68      0.71      0.67       592
weighted avg       0.73      0.71      0.71       592
