X train: (2364, 419), X test: (592, 419)

Seed: 101

Baseline model: XGBClassifier with n_estimators=100
Tree limit: 48

Accuracy: 0.6672297297297297

              precision    recall  f1-score   support

           1       0.57      0.80      0.67        10
           3       0.83      0.83      0.83         6
           5       0.50      1.00      0.67         2
           6       0.33      0.33      0.33         3
           7       0.33      0.20      0.25         5
           8       0.67      1.00      0.80         2
           9       0.69      0.82      0.75        11
          10       0.80      0.53      0.64        15
          11       0.38      1.00      0.55         3
          13       0.81      0.74      0.77        23
          14       0.80      0.57      0.67         7
          16       0.67      0.40      0.50         5
          20       1.00      0.67      0.80         3
          21       0.50      0.33      0.40         3
          22       0.73      0.73      0.73        11
          23       1.00      1.00      1.00         3
          24       0.80      0.40      0.53        10
          25       0.75      0.60      0.67        10
          27       0.80      1.00      0.89         4
          30       0.50      1.00      0.67         2
          32       0.75      0.60      0.67         5
          33       0.67      0.86      0.75         7
          34       0.62      0.80      0.70        10
          35       0.70      0.54      0.61        13
          37       0.67      0.75      0.71         8
          39       0.56      0.59      0.58        75
          41       0.75      1.00      0.86         3
          42       0.71      1.00      0.83         5
          45       1.00      0.80      0.89         5
          48       0.80      0.71      0.75        17
          49       0.70      0.94      0.80        17
          52       0.64      0.75      0.69        12
          53       0.73      0.80      0.76        20
          55       0.67      0.67      0.67         3
          56       0.60      0.46      0.52        13
          57       0.75      0.33      0.46         9
          58       0.50      0.50      0.50         6
          60       0.25      0.33      0.29         3
          62       0.50      0.50      0.50         6
          63       0.25      1.00      0.40         2
          68       0.67      0.69      0.68        48
          69       0.67      0.50      0.57         8
          70       0.92      0.92      0.92        12
          71       0.25      0.50      0.33         2
          74       0.67      0.67      0.67         3
          76       0.75      1.00      0.86         3
          77       1.00      0.83      0.91         6
          78       0.33      0.33      0.33         3
          80       0.60      0.50      0.55         6
          81       0.86      0.86      0.86         7
          82       0.74      0.68      0.71        41
          83       0.62      0.65      0.63        20
          84       0.50      0.33      0.40         3
          85       0.75      0.60      0.67         5
          86       0.73      0.63      0.68        38
          87       0.67      1.00      0.80         2
          88       0.67      0.50      0.57         4
          89       0.00      0.00      0.00         2
          90       0.50      1.00      0.67         2

    accuracy                           0.67       592
   macro avg       0.65      0.68      0.64       592
weighted avg       0.68      0.67      0.66       592
