X train: (2364, 419), X test: (592, 419)

Seed: 12

Baseline model: XGBClassifier with n_estimators=100
Tree limit: 59

Accuracy: 0.6925675675675675

              precision    recall  f1-score   support

           1       0.64      0.70      0.67        10
           3       0.67      1.00      0.80         6
           5       0.00      0.00      0.00         2
           6       0.75      1.00      0.86         3
           7       0.62      1.00      0.77         5
           8       0.50      0.50      0.50         2
           9       0.56      0.82      0.67        11
          10       0.75      0.80      0.77        15
          11       1.00      1.00      1.00         3
          13       0.64      0.61      0.62        23
          14       0.86      0.86      0.86         7
          16       0.43      0.60      0.50         5
          20       1.00      0.33      0.50         3
          21       0.50      0.67      0.57         3
          22       0.82      0.82      0.82        11
          23       0.67      0.67      0.67         3
          24       0.60      0.60      0.60        10
          25       0.86      0.60      0.71        10
          27       0.75      0.75      0.75         4
          30       1.00      1.00      1.00         2
          32       1.00      0.80      0.89         5
          33       0.62      0.71      0.67         7
          34       0.80      0.80      0.80        10
          35       0.91      0.77      0.83        13
          37       0.64      0.88      0.74         8
          39       0.73      0.72      0.72        75
          41       0.20      0.33      0.25         3
          42       0.75      0.60      0.67         5
          45       1.00      0.80      0.89         5
          48       0.63      0.71      0.67        17
          49       0.80      0.71      0.75        17
          52       0.86      0.50      0.63        12
          53       0.75      0.60      0.67        20
          55       1.00      0.67      0.80         3
          56       0.83      0.77      0.80        13
          57       0.67      0.67      0.67         9
          58       1.00      0.50      0.67         6
          60       1.00      0.67      0.80         3
          62       0.75      0.50      0.60         6
          63       0.33      1.00      0.50         2
          68       0.80      0.67      0.73        48
          69       0.60      0.75      0.67         8
          70       0.57      0.33      0.42        12
          71       0.29      1.00      0.44         2
          74       0.50      0.67      0.57         3
          76       1.00      1.00      1.00         3
          77       0.57      0.67      0.62         6
          78       0.50      1.00      0.67         3
          80       0.62      0.83      0.71         6
          81       0.70      1.00      0.82         7
          82       0.73      0.78      0.75        41
          83       0.74      0.70      0.72        20
          84       0.22      0.67      0.33         3
          85       0.60      0.60      0.60         5
          86       0.83      0.50      0.62        38
          87       0.33      1.00      0.50         2
          88       0.50      0.50      0.50         4
          89       0.50      0.50      0.50         2
          90       0.33      0.50      0.40         2

    accuracy                           0.69       592
   macro avg       0.67      0.71      0.66       592
weighted avg       0.73      0.69      0.70       592
