X train: (2364, 419), X test: (592, 419)

Seed: 33

Baseline model: XGBClassifier with n_estimators=100
Tree limit: 55

Accuracy: 0.714527027027027

              precision    recall  f1-score   support

           1       0.64      0.70      0.67        10
           3       0.71      0.83      0.77         6
           5       1.00      1.00      1.00         2
           6       1.00      0.67      0.80         3
           7       0.80      0.80      0.80         5
           8       0.40      1.00      0.57         2
           9       1.00      0.91      0.95        11
          10       0.82      0.60      0.69        15
          11       0.50      0.67      0.57         3
          13       0.94      0.65      0.77        23
          14       0.67      0.86      0.75         7
          16       1.00      0.60      0.75         5
          20       0.25      0.33      0.29         3
          21       0.75      1.00      0.86         3
          22       0.79      1.00      0.88        11
          23       0.50      1.00      0.67         3
          24       0.89      0.80      0.84        10
          25       0.75      0.60      0.67        10
          27       0.75      0.75      0.75         4
          30       0.50      1.00      0.67         2
          32       0.57      0.80      0.67         5
          33       0.57      0.57      0.57         7
          34       0.82      0.90      0.86        10
          35       0.69      0.69      0.69        13
          37       0.54      0.88      0.67         8
          39       0.73      0.77      0.75        75
          41       0.50      0.67      0.57         3
          42       0.60      0.60      0.60         5
          45       0.80      0.80      0.80         5
          48       0.64      0.53      0.58        17
          49       0.91      0.59      0.71        17
          52       0.57      0.33      0.42        12
          53       0.75      0.60      0.67        20
          55       1.00      1.00      1.00         3
          56       1.00      0.69      0.82        13
          57       0.67      0.89      0.76         9
          58       1.00      0.83      0.91         6
          60       1.00      1.00      1.00         3
          62       0.56      0.83      0.67         6
          63       0.67      1.00      0.80         2
          68       0.70      0.92      0.79        48
          69       1.00      0.62      0.77         8
          70       0.67      0.50      0.57        12
          71       1.00      1.00      1.00         2
          74       0.67      0.67      0.67         3
          76       0.43      1.00      0.60         3
          77       1.00      0.67      0.80         6
          78       1.00      1.00      1.00         3
          80       0.86      1.00      0.92         6
          81       0.83      0.71      0.77         7
          82       0.64      0.56      0.60        41
          83       0.62      0.50      0.56        20
          84       0.50      0.33      0.40         3
          85       0.30      0.60      0.40         5
          86       0.81      0.68      0.74        38
          87       0.33      0.50      0.40         2
          88       0.50      0.75      0.60         4
          89       0.33      0.50      0.40         2
          90       1.00      0.50      0.67         2

    accuracy                           0.71       592
   macro avg       0.72      0.74      0.71       592
weighted avg       0.74      0.71      0.71       592
