X train: (2364, 419), X test: (592, 419)

Seed: 765

Baseline model: XGBClassifier with n_estimators=100
Tree limit: 46

Accuracy: 0.6655405405405406

              precision    recall  f1-score   support

           1       0.62      0.50      0.56        10
           3       0.75      1.00      0.86         6
           5       0.50      0.50      0.50         2
           6       0.67      0.67      0.67         3
           7       0.44      0.80      0.57         5
           8       0.00      0.00      0.00         2
           9       0.82      0.82      0.82        11
          10       0.87      0.87      0.87        15
          11       0.50      0.67      0.57         3
          13       0.75      0.52      0.62        23
          14       0.78      1.00      0.88         7
          16       0.80      0.80      0.80         5
          20       0.40      0.67      0.50         3
          21       0.50      0.67      0.57         3
          22       0.73      1.00      0.85        11
          23       0.25      0.67      0.36         3
          24       0.56      0.50      0.53        10
          25       1.00      0.50      0.67        10
          27       1.00      1.00      1.00         4
          30       0.67      1.00      0.80         2
          32       0.56      1.00      0.71         5
          33       1.00      0.43      0.60         7
          34       0.80      0.80      0.80        10
          35       0.64      0.54      0.58        13
          37       0.62      0.62      0.62         8
          39       0.56      0.68      0.61        75
          41       0.75      1.00      0.86         3
          42       0.50      0.80      0.62         5
          45       0.60      0.60      0.60         5
          48       0.67      0.71      0.69        17
          49       0.75      0.71      0.73        17
          52       0.43      0.25      0.32        12
          53       0.85      0.55      0.67        20
          55       1.00      0.67      0.80         3
          56       0.90      0.69      0.78        13
          57       0.86      0.67      0.75         9
          58       0.83      0.83      0.83         6
          60       0.75      1.00      0.86         3
          62       0.83      0.83      0.83         6
          63       0.25      0.50      0.33         2
          68       0.75      0.69      0.72        48
          69       0.54      0.88      0.67         8
          70       0.58      0.58      0.58        12
          71       0.00      0.00      0.00         2
          74       1.00      0.67      0.80         3
          76       0.67      0.67      0.67         3
          77       0.29      0.33      0.31         6
          78       0.67      0.67      0.67         3
          80       0.50      0.83      0.62         6
          81       0.86      0.86      0.86         7
          82       0.72      0.56      0.63        41
          83       0.75      0.60      0.67        20
          84       0.50      0.67      0.57         3
          85       0.57      0.80      0.67         5
          86       0.73      0.63      0.68        38
          87       1.00      0.50      0.67         2
          88       0.60      0.75      0.67         4
          89       0.67      1.00      0.80         2
          90       0.33      0.50      0.40         2

    accuracy                           0.67       592
   macro avg       0.65      0.68      0.65       592
weighted avg       0.69      0.67      0.66       592
