X train: (2364, 419), X test: (592, 419)

Seed: 173

Baseline model: XGBClassifier with n_estimators=100
Tree limit: 44

Accuracy: 0.6875

              precision    recall  f1-score   support

           1       0.50      0.30      0.37        10
           3       0.83      0.83      0.83         6
           5       1.00      0.50      0.67         2
           6       0.60      1.00      0.75         3
           7       0.57      0.80      0.67         5
           8       0.00      0.00      0.00         2
           9       0.75      0.82      0.78        11
          10       0.59      0.67      0.62        15
          11       1.00      1.00      1.00         3
          13       0.57      0.57      0.57        23
          14       0.71      0.71      0.71         7
          16       0.50      0.40      0.44         5
          20       1.00      1.00      1.00         3
          21       0.40      0.67      0.50         3
          22       0.67      0.55      0.60        11
          23       0.75      1.00      0.86         3
          24       0.89      0.80      0.84        10
          25       0.82      0.90      0.86        10
          27       1.00      0.25      0.40         4
          30       0.67      1.00      0.80         2
          32       0.67      0.80      0.73         5
          33       0.75      0.86      0.80         7
          34       0.58      0.70      0.64        10
          35       0.76      1.00      0.87        13
          37       0.75      0.75      0.75         8
          39       0.72      0.73      0.73        75
          41       0.67      0.67      0.67         3
          42       0.50      0.60      0.55         5
          45       0.67      0.40      0.50         5
          48       0.61      0.65      0.63        17
          49       0.67      0.59      0.62        17
          52       0.67      0.50      0.57        12
          53       0.71      0.50      0.59        20
          55       0.50      0.67      0.57         3
          56       0.83      0.77      0.80        13
          57       0.64      0.78      0.70         9
          58       0.83      0.83      0.83         6
          60       1.00      0.67      0.80         3
          62       0.67      0.67      0.67         6
          63       0.00      0.00      0.00         2
          68       0.64      0.60      0.62        48
          69       0.73      1.00      0.84         8
          70       0.78      0.58      0.67        12
          71       1.00      0.50      0.67         2
          74       0.50      1.00      0.67         3
          76       1.00      0.67      0.80         3
          77       0.83      0.83      0.83         6
          78       0.67      0.67      0.67         3
          80       0.50      0.67      0.57         6
          81       0.67      0.57      0.62         7
          82       0.69      0.66      0.68        41
          83       0.78      0.70      0.74        20
          84       0.75      1.00      0.86         3
          85       0.33      0.20      0.25         5
          86       0.74      0.84      0.79        38
          87       1.00      0.50      0.67         2
          88       0.80      1.00      0.89         4
          89       0.67      1.00      0.80         2
          90       0.20      0.50      0.29         2

    accuracy                           0.69       592
   macro avg       0.68      0.68      0.66       592
weighted avg       0.69      0.69      0.68       592
