X train: (2364, 419), X test: (592, 419)

Seed: 363

Baseline model: XGBClassifier with n_estimators=100
Tree limit: 41

Accuracy: 0.6858108108108109

              precision    recall  f1-score   support

           1       0.62      0.80      0.70        10
           3       0.86      1.00      0.92         6
           5       0.67      1.00      0.80         2
           6       0.50      0.33      0.40         3
           7       0.67      0.80      0.73         5
           8       0.00      0.00      0.00         2
           9       0.69      0.82      0.75        11
          10       0.71      0.67      0.69        15
          11       0.17      0.33      0.22         3
          13       0.79      0.65      0.71        23
          14       1.00      0.71      0.83         7
          16       0.29      0.40      0.33         5
          20       0.50      0.67      0.57         3
          21       0.40      0.67      0.50         3
          22       0.88      0.64      0.74        11
          23       0.67      0.67      0.67         3
          24       0.88      0.70      0.78        10
          25       0.64      0.90      0.75        10
          27       1.00      0.75      0.86         4
          30       1.00      1.00      1.00         2
          32       0.71      1.00      0.83         5
          33       0.67      0.29      0.40         7
          34       1.00      0.90      0.95        10
          35       0.59      0.77      0.67        13
          37       0.60      0.75      0.67         8
          39       0.64      0.65      0.65        75
          41       0.60      1.00      0.75         3
          42       0.29      0.40      0.33         5
          45       0.67      0.40      0.50         5
          48       0.71      0.59      0.65        17
          49       0.87      0.76      0.81        17
          52       0.67      0.67      0.67        12
          53       0.86      0.60      0.71        20
          55       0.50      0.67      0.57         3
          56       1.00      0.69      0.82        13
          57       0.88      0.78      0.82         9
          58       0.71      0.83      0.77         6
          60       0.40      0.67      0.50         3
          62       0.67      1.00      0.80         6
          63       1.00      0.50      0.67         2
          68       0.72      0.69      0.70        48
          69       0.57      0.50      0.53         8
          70       0.70      0.58      0.64        12
          71       0.50      0.50      0.50         2
          74       0.67      0.67      0.67         3
          76       1.00      1.00      1.00         3
          77       0.67      1.00      0.80         6
          78       0.50      0.67      0.57         3
          80       0.71      0.83      0.77         6
          81       0.78      1.00      0.88         7
          82       0.69      0.66      0.68        41
          83       0.65      0.65      0.65        20
          84       0.40      0.67      0.50         3
          85       1.00      1.00      1.00         5
          86       0.71      0.63      0.67        38
          87       1.00      1.00      1.00         2
          88       0.00      0.00      0.00         4
          89       1.00      1.00      1.00         2
          90       0.50      0.50      0.50         2

    accuracy                           0.69       592
   macro avg       0.67      0.69      0.67       592
weighted avg       0.71      0.69      0.69       592
