X train: (2364, 419), X test: (592, 419)

Seed: 684

Baseline model: XGBClassifier with n_estimators=100
Tree limit: 44

Accuracy: 0.7027027027027027

              precision    recall  f1-score   support

           1       0.82      0.90      0.86        10
           3       1.00      0.83      0.91         6
           5       0.00      0.00      0.00         2
           6       0.75      1.00      0.86         3
           7       0.50      0.80      0.62         5
           8       0.00      0.00      0.00         2
           9       0.69      0.82      0.75        11
          10       0.81      0.87      0.84        15
          11       0.40      0.67      0.50         3
          13       0.68      0.65      0.67        23
          14       1.00      0.71      0.83         7
          16       1.00      0.80      0.89         5
          20       0.60      1.00      0.75         3
          21       0.75      1.00      0.86         3
          22       1.00      0.82      0.90        11
          23       1.00      0.67      0.80         3
          24       0.50      0.50      0.50        10
          25       0.75      0.90      0.82        10
          27       0.60      0.75      0.67         4
          30       0.67      1.00      0.80         2
          32       0.80      0.80      0.80         5
          33       0.58      1.00      0.74         7
          34       0.75      0.60      0.67        10
          35       0.89      0.62      0.73        13
          37       0.50      0.62      0.56         8
          39       0.64      0.65      0.64        75
          41       0.38      1.00      0.55         3
          42       0.40      0.40      0.40         5
          45       0.71      1.00      0.83         5
          48       0.69      0.65      0.67        17
          49       0.84      0.94      0.89        17
          52       0.64      0.58      0.61        12
          53       0.79      0.55      0.65        20
          55       1.00      0.33      0.50         3
          56       0.73      0.85      0.79        13
          57       0.70      0.78      0.74         9
          58       0.86      1.00      0.92         6
          60       0.60      1.00      0.75         3
          62       0.86      1.00      0.92         6
          63       0.50      0.50      0.50         2
          68       0.71      0.71      0.71        48
          69       0.88      0.88      0.88         8
          70       0.69      0.75      0.72        12
          71       1.00      0.50      0.67         2
          74       1.00      1.00      1.00         3
          76       0.67      0.67      0.67         3
          77       0.60      1.00      0.75         6
          78       0.00      0.00      0.00         3
          80       1.00      0.50      0.67         6
          81       0.67      0.29      0.40         7
          82       0.74      0.71      0.72        41
          83       0.81      0.65      0.72        20
          84       0.50      0.67      0.57         3
          85       0.25      0.20      0.22         5
          86       0.79      0.68      0.73        38
          87       1.00      1.00      1.00         2
          88       0.00      0.00      0.00         4
          89       0.00      0.00      0.00         2
          90       0.67      1.00      0.80         2

    accuracy                           0.70       592
   macro avg       0.67      0.69      0.66       592
weighted avg       0.71      0.70      0.70       592
