X train: (2364, 419), X test: (592, 419)

Seed: 815

Baseline model: XGBClassifier with n_estimators=100
Tree limit: 45

Accuracy: 0.6891891891891891

              precision    recall  f1-score   support

           1       0.38      0.30      0.33        10
           3       0.75      1.00      0.86         6
           5       1.00      1.00      1.00         2
           6       1.00      1.00      1.00         3
           7       0.42      1.00      0.59         5
           8       0.00      0.00      0.00         2
           9       0.50      0.36      0.42        11
          10       0.67      0.80      0.73        15
          11       1.00      0.67      0.80         3
          13       0.81      0.57      0.67        23
          14       0.67      0.57      0.62         7
          16       0.75      0.60      0.67         5
          20       0.00      0.00      0.00         3
          21       0.67      0.67      0.67         3
          22       0.86      0.55      0.67        11
          23       0.75      1.00      0.86         3
          24       0.83      0.50      0.62        10
          25       0.70      0.70      0.70        10
          27       0.43      0.75      0.55         4
          30       0.00      0.00      0.00         2
          32       1.00      0.60      0.75         5
          33       0.70      1.00      0.82         7
          34       0.80      0.80      0.80        10
          35       0.71      0.77      0.74        13
          37       0.70      0.88      0.78         8
          39       0.64      0.75      0.69        75
          41       1.00      0.67      0.80         3
          42       0.60      0.60      0.60         5
          45       0.71      1.00      0.83         5
          48       0.90      0.53      0.67        17
          49       0.87      0.76      0.81        17
          52       0.30      0.25      0.27        12
          53       0.73      0.55      0.63        20
          55       0.60      1.00      0.75         3
          56       0.81      1.00      0.90        13
          57       0.86      0.67      0.75         9
          58       0.75      1.00      0.86         6
          60       0.43      1.00      0.60         3
          62       0.71      0.83      0.77         6
          63       0.33      0.50      0.40         2
          68       0.76      0.71      0.73        48
          69       0.62      0.62      0.62         8
          70       0.88      0.58      0.70        12
          71       0.00      0.00      0.00         2
          74       0.60      1.00      0.75         3
          76       1.00      1.00      1.00         3
          77       0.71      0.83      0.77         6
          78       0.38      1.00      0.55         3
          80       0.71      0.83      0.77         6
          81       1.00      0.86      0.92         7
          82       0.72      0.83      0.77        41
          83       0.85      0.55      0.67        20
          84       1.00      0.67      0.80         3
          85       0.50      0.20      0.29         5
          86       0.68      0.68      0.68        38
          87       1.00      1.00      1.00         2
          88       0.44      1.00      0.62         4
          89       0.00      0.00      0.00         2
          90       0.00      0.00      0.00         2

    accuracy                           0.69       592
   macro avg       0.65      0.67      0.64       592
weighted avg       0.70      0.69      0.68       592
