X train: (2364, 419), X test: (592, 419)

Seed: 505

Baseline model: XGBClassifier with n_estimators=100
Tree limit: 57

Accuracy: 0.6554054054054054

              precision    recall  f1-score   support

           1       0.75      0.60      0.67        10
           3       0.50      0.83      0.62         6
           5       0.67      1.00      0.80         2
           6       0.33      0.33      0.33         3
           7       0.50      0.40      0.44         5
           8       0.50      0.50      0.50         2
           9       0.67      0.55      0.60        11
          10       0.58      0.47      0.52        15
          11       0.33      0.67      0.44         3
          13       0.79      0.65      0.71        23
          14       0.58      1.00      0.74         7
          16       0.75      0.60      0.67         5
          20       0.60      1.00      0.75         3
          21       1.00      1.00      1.00         3
          22       0.60      0.55      0.57        11
          23       0.67      0.67      0.67         3
          24       0.70      0.70      0.70        10
          25       0.82      0.90      0.86        10
          27       0.40      0.50      0.44         4
          30       0.33      0.50      0.40         2
          32       0.33      0.40      0.36         5
          33       0.56      0.71      0.63         7
          34       0.91      1.00      0.95        10
          35       0.55      0.46      0.50        13
          37       0.57      0.50      0.53         8
          39       0.67      0.68      0.68        75
          41       1.00      1.00      1.00         3
          42       0.50      0.40      0.44         5
          45       0.80      0.80      0.80         5
          48       0.69      0.65      0.67        17
          49       0.81      0.76      0.79        17
          52       0.46      0.50      0.48        12
          53       0.57      0.40      0.47        20
          55       1.00      0.67      0.80         3
          56       0.79      0.85      0.81        13
          57       0.88      0.78      0.82         9
          58       0.80      0.67      0.73         6
          60       0.75      1.00      0.86         3
          62       0.67      1.00      0.80         6
          63       0.33      0.50      0.40         2
          68       0.73      0.62      0.67        48
          69       0.60      0.38      0.46         8
          70       0.43      0.50      0.46        12
          71       0.50      0.50      0.50         2
          74       1.00      0.33      0.50         3
          76       0.60      1.00      0.75         3
          77       0.67      0.67      0.67         6
          78       0.50      0.67      0.57         3
          80       0.67      0.67      0.67         6
          81       0.62      0.71      0.67         7
          82       0.77      0.66      0.71        41
          83       0.68      0.75      0.71        20
          84       0.40      0.67      0.50         3
          85       0.60      0.60      0.60         5
          86       0.69      0.71      0.70        38
          87       0.20      0.50      0.29         2
          88       0.50      0.50      0.50         4
          89       0.50      0.50      0.50         2
          90       0.40      1.00      0.57         2

    accuracy                           0.66       592
   macro avg       0.62      0.66      0.63       592
weighted avg       0.67      0.66      0.66       592
