X train: (2364, 419), X test: (592, 419)

Seed: 654

Baseline model: XGBClassifier with n_estimators=100
Tree limit: 46

Accuracy: 0.6875

              precision    recall  f1-score   support

           1       0.50      0.50      0.50        10
           3       0.62      0.83      0.71         6
           5       0.67      1.00      0.80         2
           6       1.00      1.00      1.00         3
           7       1.00      1.00      1.00         5
           8       0.50      0.50      0.50         2
           9       0.75      0.55      0.63        11
          10       0.83      0.67      0.74        15
          11       1.00      0.33      0.50         3
          13       0.83      0.83      0.83        23
          14       0.83      0.71      0.77         7
          16       1.00      0.60      0.75         5
          20       1.00      0.67      0.80         3
          21       0.67      0.67      0.67         3
          22       0.86      0.55      0.67        11
          23       0.33      0.33      0.33         3
          24       0.69      0.90      0.78        10
          25       0.82      0.90      0.86        10
          27       0.67      1.00      0.80         4
          30       0.25      0.50      0.33         2
          32       1.00      0.40      0.57         5
          33       0.56      0.71      0.63         7
          34       0.73      0.80      0.76        10
          35       0.89      0.62      0.73        13
          37       0.33      0.38      0.35         8
          39       0.61      0.64      0.62        75
          41       0.50      1.00      0.67         3
          42       0.67      0.40      0.50         5
          45       0.83      1.00      0.91         5
          48       0.87      0.76      0.81        17
          49       0.61      0.65      0.63        17
          52       0.56      0.75      0.64        12
          53       0.73      0.40      0.52        20
          55       0.33      0.67      0.44         3
          56       1.00      1.00      1.00        13
          57       0.64      0.78      0.70         9
          58       1.00      1.00      1.00         6
          60       1.00      0.67      0.80         3
          62       0.62      0.83      0.71         6
          63       0.67      1.00      0.80         2
          68       0.80      0.69      0.74        48
          69       0.57      0.50      0.53         8
          70       0.53      0.67      0.59        12
          71       0.50      0.50      0.50         2
          74       0.33      0.67      0.44         3
          76       0.33      0.33      0.33         3
          77       1.00      0.50      0.67         6
          78       0.38      1.00      0.55         3
          80       0.25      0.17      0.20         6
          81       0.64      1.00      0.78         7
          82       0.77      0.66      0.71        41
          83       0.73      0.80      0.76        20
          84       1.00      0.67      0.80         3
          85       0.80      0.80      0.80         5
          86       0.68      0.71      0.69        38
          87       0.67      1.00      0.80         2
          88       1.00      0.75      0.86         4
          89       0.25      0.50      0.33         2
          90       0.50      0.50      0.50         2

    accuracy                           0.69       592
   macro avg       0.69      0.69      0.67       592
weighted avg       0.71      0.69      0.69       592
