X train: (2364, 419), X test: (592, 419)

Seed: 935

Baseline model: XGBClassifier with n_estimators=100
Tree limit: 37

Accuracy: 0.6875

              precision    recall  f1-score   support

           1       0.62      1.00      0.77        10
           3       0.83      0.83      0.83         6
           5       0.67      1.00      0.80         2
           6       0.50      0.67      0.57         3
           7       1.00      0.80      0.89         5
           8       0.00      0.00      0.00         2
           9       0.77      0.91      0.83        11
          10       0.56      0.33      0.42        15
          11       0.50      0.67      0.57         3
          13       0.67      0.52      0.59        23
          14       1.00      0.57      0.73         7
          16       1.00      0.40      0.57         5
          20       0.38      1.00      0.55         3
          21       0.75      1.00      0.86         3
          22       0.78      0.64      0.70        11
          23       0.50      1.00      0.67         3
          24       0.64      0.70      0.67        10
          25       0.73      0.80      0.76        10
          27       1.00      1.00      1.00         4
          30       0.67      1.00      0.80         2
          32       0.71      1.00      0.83         5
          33       0.71      0.71      0.71         7
          34       0.70      0.70      0.70        10
          35       0.77      0.77      0.77        13
          37       0.78      0.88      0.82         8
          39       0.73      0.80      0.76        75
          41       0.50      0.67      0.57         3
          42       0.50      0.20      0.29         5
          45       0.67      0.80      0.73         5
          48       0.63      0.71      0.67        17
          49       0.78      0.82      0.80        17
          52       0.55      0.50      0.52        12
          53       0.82      0.45      0.58        20
          55       0.67      0.67      0.67         3
          56       0.63      0.92      0.75        13
          57       0.88      0.78      0.82         9
          58       1.00      0.50      0.67         6
          60       0.50      1.00      0.67         3
          62       0.60      0.50      0.55         6
          63       1.00      0.50      0.67         2
          68       0.76      0.54      0.63        48
          69       1.00      1.00      1.00         8
          70       0.80      0.67      0.73        12
          71       0.00      0.00      0.00         2
          74       0.50      0.67      0.57         3
          76       0.75      1.00      0.86         3
          77       0.80      0.67      0.73         6
          78       0.20      0.33      0.25         3
          80       0.83      0.83      0.83         6
          81       0.67      0.86      0.75         7
          82       0.60      0.71      0.65        41
          83       0.77      0.50      0.61        20
          84       0.25      0.33      0.29         3
          85       1.00      1.00      1.00         5
          86       0.67      0.63      0.65        38
          87       0.40      1.00      0.57         2
          88       0.29      0.50      0.36         4
          89       1.00      0.50      0.67         2
          90       0.67      1.00      0.80         2

    accuracy                           0.69       592
   macro avg       0.67      0.70      0.66       592
weighted avg       0.71      0.69      0.68       592
