X train: (2364, 419), X test: (592, 419)

Seed: 984

Baseline model: XGBClassifier with n_estimators=100
Tree limit: 42

Accuracy: 0.660472972972973

              precision    recall  f1-score   support

           1       0.88      0.70      0.78        10
           3       1.00      0.83      0.91         6
           5       0.00      0.00      0.00         2
           6       1.00      1.00      1.00         3
           7       0.44      0.80      0.57         5
           8       0.25      0.50      0.33         2
           9       0.71      0.45      0.56        11
          10       0.71      0.67      0.69        15
          11       0.43      1.00      0.60         3
          13       0.68      0.57      0.62        23
          14       0.67      0.86      0.75         7
          16       0.75      0.60      0.67         5
          20       0.00      0.00      0.00         3
          21       0.60      1.00      0.75         3
          22       0.73      1.00      0.85        11
          23       0.33      0.67      0.44         3
          24       0.89      0.80      0.84        10
          25       0.82      0.90      0.86        10
          27       1.00      0.50      0.67         4
          30       0.67      1.00      0.80         2
          32       0.33      0.60      0.43         5
          33       0.55      0.86      0.67         7
          34       0.54      0.70      0.61        10
          35       0.56      0.38      0.45        13
          37       0.80      0.50      0.62         8
          39       0.62      0.72      0.67        75
          41       1.00      0.67      0.80         3
          42       0.40      0.40      0.40         5
          45       0.57      0.80      0.67         5
          48       0.72      0.76      0.74        17
          49       0.73      0.65      0.69        17
          52       0.42      0.67      0.52        12
          53       0.92      0.55      0.69        20
          55       0.25      0.33      0.29         3
          56       0.77      0.77      0.77        13
          57       0.83      0.56      0.67         9
          58       0.71      0.83      0.77         6
          60       1.00      0.33      0.50         3
          62       0.56      0.83      0.67         6
          63       0.50      1.00      0.67         2
          68       0.72      0.65      0.68        48
          69       1.00      0.50      0.67         8
          70       0.55      0.50      0.52        12
          71       0.00      0.00      0.00         2
          74       0.50      0.33      0.40         3
          76       0.75      1.00      0.86         3
          77       0.80      0.67      0.73         6
          78       1.00      0.33      0.50         3
          80       0.62      0.83      0.71         6
          81       0.67      0.57      0.62         7
          82       0.66      0.66      0.66        41
          83       0.92      0.55      0.69        20
          84       0.50      1.00      0.67         3
          85       0.62      1.00      0.77         5
          86       0.80      0.63      0.71        38
          87       1.00      1.00      1.00         2
          88       1.00      0.25      0.40         4
          89       0.33      0.50      0.40         2
          90       0.33      1.00      0.50         2

    accuracy                           0.66       592
   macro avg       0.65      0.66      0.62       592
weighted avg       0.70      0.66      0.66       592
