X train: (2364, 419), X test: (592, 419)

Seed: 385

Baseline model: XGBClassifier with n_estimators=100
Tree limit: 61

Accuracy: 0.706081081081081

              precision    recall  f1-score   support

           1       0.64      0.70      0.67        10
           3       1.00      0.83      0.91         6
           5       0.00      0.00      0.00         2
           6       0.50      0.33      0.40         3
           7       0.71      1.00      0.83         5
           8       0.50      0.50      0.50         2
           9       0.70      0.64      0.67        11
          10       0.60      0.60      0.60        15
          11       1.00      0.33      0.50         3
          13       0.81      0.74      0.77        23
          14       1.00      0.86      0.92         7
          16       0.40      0.40      0.40         5
          20       0.50      1.00      0.67         3
          21       0.67      0.67      0.67         3
          22       0.83      0.91      0.87        11
          23       0.40      0.67      0.50         3
          24       0.60      0.30      0.40        10
          25       0.90      0.90      0.90        10
          27       1.00      0.25      0.40         4
          30       1.00      0.50      0.67         2
          32       0.75      0.60      0.67         5
          33       1.00      0.86      0.92         7
          34       0.64      0.70      0.67        10
          35       0.62      0.38      0.48        13
          37       0.62      0.62      0.62         8
          39       0.67      0.80      0.73        75
          41       0.67      0.67      0.67         3
          42       0.75      0.60      0.67         5
          45       0.71      1.00      0.83         5
          48       0.72      0.76      0.74        17
          49       0.88      0.88      0.88        17
          52       0.57      0.33      0.42        12
          53       0.55      0.55      0.55        20
          55       0.60      1.00      0.75         3
          56       0.92      0.92      0.92        13
          57       0.69      1.00      0.82         9
          58       0.75      1.00      0.86         6
          60       1.00      1.00      1.00         3
          62       0.75      0.50      0.60         6
          63       0.50      0.50      0.50         2
          68       0.74      0.67      0.70        48
          69       0.89      1.00      0.94         8
          70       0.89      0.67      0.76        12
          71       0.33      1.00      0.50         2
          74       0.75      1.00      0.86         3
          76       1.00      0.67      0.80         3
          77       0.60      0.50      0.55         6
          78       0.60      1.00      0.75         3
          80       0.67      1.00      0.80         6
          81       0.44      0.57      0.50         7
          82       0.71      0.59      0.64        41
          83       0.67      0.70      0.68        20
          84       0.50      0.67      0.57         3
          85       0.80      0.80      0.80         5
          86       0.76      0.68      0.72        38
          87       0.67      1.00      0.80         2
          88       0.57      1.00      0.73         4
          89       1.00      1.00      1.00         2
          90       1.00      0.50      0.67         2

    accuracy                           0.71       592
   macro avg       0.71      0.71      0.68       592
weighted avg       0.72      0.71      0.70       592
