X train: (2364, 419), X test: (592, 419)

Seed: 708

Baseline model: XGBClassifier with n_estimators=100
Tree limit: 40

Accuracy: 0.6959459459459459

              precision    recall  f1-score   support

           1       0.75      0.60      0.67        10
           3       0.75      1.00      0.86         6
           5       0.33      0.50      0.40         2
           6       0.50      1.00      0.67         3
           7       0.67      0.80      0.73         5
           8       0.00      0.00      0.00         2
           9       0.71      0.45      0.56        11
          10       0.82      0.60      0.69        15
          11       0.67      0.67      0.67         3
          13       0.53      0.43      0.48        23
          14       1.00      0.57      0.73         7
          16       0.67      0.80      0.73         5
          20       0.40      0.67      0.50         3
          21       0.60      1.00      0.75         3
          22       0.82      0.82      0.82        11
          23       0.43      1.00      0.60         3
          24       0.58      0.70      0.64        10
          25       0.89      0.80      0.84        10
          27       0.67      1.00      0.80         4
          30       0.50      1.00      0.67         2
          32       0.71      1.00      0.83         5
          33       0.62      0.71      0.67         7
          34       0.60      0.90      0.72        10
          35       0.64      0.54      0.58        13
          37       0.58      0.88      0.70         8
          39       0.66      0.76      0.70        75
          41       1.00      0.67      0.80         3
          42       0.75      0.60      0.67         5
          45       1.00      0.60      0.75         5
          48       0.74      0.82      0.78        17
          49       0.56      0.53      0.55        17
          52       0.80      1.00      0.89        12
          53       0.80      0.60      0.69        20
          55       1.00      1.00      1.00         3
          56       0.83      0.77      0.80        13
          57       0.88      0.78      0.82         9
          58       1.00      1.00      1.00         6
          60       1.00      0.67      0.80         3
          62       0.62      0.83      0.71         6
          63       0.20      0.50      0.29         2
          68       0.82      0.67      0.74        48
          69       0.67      0.75      0.71         8
          70       0.80      0.67      0.73        12
          71       0.67      1.00      0.80         2
          74       0.75      1.00      0.86         3
          76       0.60      1.00      0.75         3
          77       0.56      0.83      0.67         6
          78       0.33      0.67      0.44         3
          80       0.71      0.83      0.77         6
          81       1.00      0.71      0.83         7
          82       0.83      0.59      0.69        41
          83       0.74      0.70      0.72        20
          84       0.50      0.67      0.57         3
          85       0.67      0.80      0.73         5
          86       0.90      0.47      0.62        38
          87       1.00      1.00      1.00         2
          88       0.33      0.75      0.46         4
          89       0.33      0.50      0.40         2
          90       0.67      1.00      0.80         2

    accuracy                           0.70       592
   macro avg       0.68      0.75      0.69       592
weighted avg       0.73      0.70      0.70       592
