X train: (2364, 419), X test: (592, 419)

Seed: 915

Baseline model: XGBClassifier with n_estimators=100
Tree limit: 47

Accuracy: 0.6824324324324325

              precision    recall  f1-score   support

           1       0.88      0.70      0.78        10
           3       0.80      0.67      0.73         6
           5       0.67      1.00      0.80         2
           6       0.60      1.00      0.75         3
           7       0.71      1.00      0.83         5
           8       0.50      0.50      0.50         2
           9       0.89      0.73      0.80        11
          10       0.75      0.80      0.77        15
          11       1.00      0.67      0.80         3
          13       0.75      0.65      0.70        23
          14       0.88      1.00      0.93         7
          16       0.83      1.00      0.91         5
          20       0.29      0.67      0.40         3
          21       0.33      0.33      0.33         3
          22       0.75      0.55      0.63        11
          23       1.00      1.00      1.00         3
          24       0.40      0.20      0.27        10
          25       0.91      1.00      0.95        10
          27       0.43      0.75      0.55         4
          30       0.50      0.50      0.50         2
          32       0.43      0.60      0.50         5
          33       0.50      0.71      0.59         7
          34       0.83      1.00      0.91        10
          35       0.75      0.46      0.57        13
          37       0.56      0.62      0.59         8
          39       0.70      0.72      0.71        75
          41       0.40      0.67      0.50         3
          42       0.17      0.20      0.18         5
          45       1.00      0.40      0.57         5
          48       0.67      0.59      0.62        17
          49       0.79      0.65      0.71        17
          52       0.69      0.75      0.72        12
          53       0.52      0.55      0.54        20
          55       0.67      0.67      0.67         3
          56       0.73      0.62      0.67        13
          57       0.73      0.89      0.80         9
          58       0.75      0.50      0.60         6
          60       0.33      0.67      0.44         3
          62       0.75      1.00      0.86         6
          63       1.00      1.00      1.00         2
          68       0.73      0.62      0.67        48
          69       0.73      1.00      0.84         8
          70       0.57      0.67      0.62        12
          71       0.67      1.00      0.80         2
          74       0.25      0.33      0.29         3
          76       0.50      1.00      0.67         3
          77       0.83      0.83      0.83         6
          78       1.00      0.33      0.50         3
          80       0.75      1.00      0.86         6
          81       0.75      0.86      0.80         7
          82       0.65      0.68      0.67        41
          83       0.88      0.75      0.81        20
          84       1.00      0.67      0.80         3
          85       0.67      0.40      0.50         5
          86       0.70      0.55      0.62        38
          87       0.40      1.00      0.57         2
          88       0.50      0.75      0.60         4
          89       0.00      0.00      0.00         2
          90       0.67      1.00      0.80         2

    accuracy                           0.68       592
   macro avg       0.66      0.70      0.66       592
weighted avg       0.70      0.68      0.68       592
