X train: (2364, 419), X test: (592, 419)

Seed: 556

Baseline model: XGBClassifier with n_estimators=100
Tree limit: 51

Accuracy: 0.6942567567567568

              precision    recall  f1-score   support

           1       0.80      0.80      0.80        10
           3       1.00      0.83      0.91         6
           5       1.00      1.00      1.00         2
           6       1.00      1.00      1.00         3
           7       0.62      1.00      0.77         5
           8       0.33      0.50      0.40         2
           9       0.90      0.82      0.86        11
          10       0.71      0.33      0.45        15
          11       0.50      1.00      0.67         3
          13       0.80      0.87      0.83        23
          14       0.60      0.86      0.71         7
          16       0.67      0.80      0.73         5
          20       0.43      1.00      0.60         3
          21       0.50      0.33      0.40         3
          22       0.90      0.82      0.86        11
          23       0.40      0.67      0.50         3
          24       0.62      0.50      0.56        10
          25       1.00      0.60      0.75        10
          27       0.50      0.50      0.50         4
          30       0.00      0.00      0.00         2
          32       0.57      0.80      0.67         5
          33       0.60      0.43      0.50         7
          34       0.70      0.70      0.70        10
          35       0.82      0.69      0.75        13
          37       0.83      0.62      0.71         8
          39       0.63      0.71      0.67        75
          41       0.50      1.00      0.67         3
          42       0.50      0.80      0.62         5
          45       0.80      0.80      0.80         5
          48       0.92      0.71      0.80        17
          49       0.72      0.76      0.74        17
          52       0.67      0.83      0.74        12
          53       0.80      0.60      0.69        20
          55       0.67      0.67      0.67         3
          56       0.80      0.62      0.70        13
          57       0.55      0.67      0.60         9
          58       0.75      1.00      0.86         6
          60       1.00      0.67      0.80         3
          62       0.83      0.83      0.83         6
          63       0.67      1.00      0.80         2
          68       0.80      0.75      0.77        48
          69       0.80      1.00      0.89         8
          70       0.54      0.58      0.56        12
          71       1.00      1.00      1.00         2
          74       1.00      0.67      0.80         3
          76       0.43      1.00      0.60         3
          77       0.83      0.83      0.83         6
          78       1.00      1.00      1.00         3
          80       0.50      0.33      0.40         6
          81       0.86      0.86      0.86         7
          82       0.61      0.73      0.67        41
          83       0.82      0.45      0.58        20
          84       0.33      0.67      0.44         3
          85       1.00      0.60      0.75         5
          86       0.58      0.50      0.54        38
          87       1.00      1.00      1.00         2
          88       1.00      0.50      0.67         4
          89       0.00      0.00      0.00         2
          90       0.50      0.50      0.50         2

    accuracy                           0.69       592
   macro avg       0.70      0.71      0.69       592
weighted avg       0.72      0.69      0.69       592
